0.182651
1.00051
0.351016
0.297442
-0.74392
-0.339708
-0.644343
-0.780511
-0.356766
-0.622267
-0.706447
0.626431
0.997163
0.996427
0.66355
-0.654327
0.975874
-0.908401
0.990093
-0.284647
0.116876
-0.993842
0.032368
0.707781
-0.802696
0.945363
0.00699906
-0.103154
0.0737856
-0.328824
0.829575
0.962245
-0.382514
-0.486439
-0.161364
-0.676827
0.92739
0.852132
-0.497153
-0.91417
-0.229389
0.0915676
0.995178
-0.470512
0.651621
0.000634931
-0.916759
0.967204
0.657989
-0.243631
-0.542359
-0.687101
-0.509705
-0.961581
0.99409
0.621238
0.87979
0.0178357
0.10329
-0.415963
-0.870995
-0.98691
0.270871
-0.849701
-0.780348
-0.999717
0.179232
-0.912774
-0.106092
0.778084
-0.56287
0.778346
-0.394936
-0.881669
0.992942
-0.757352
-0.999737
0.180107
-0.25761
0.522471
-0.921019
0.343204
-0.976678
-0.424157
-0.809757
0.872702
-0.183879
-0.644848
-0.947816
-0.285089
-0.737379
0.507173
0.00988174
0.515368
0.706632
-0.204136
-0.0768741
0.482972
0.820409
0.994364
-0.838328
0.722325
-0.00835961
0.409109
0.986466
0.451151
-0.997103
-0.018428
0.434892
-0.999088
0.98417
0.569553
-0.965458
-0.735972
-0.293
0.390073
-0.338731
0.255895
0.775547
-0.322012
-0.966355
1.00022
-0.058804
-0.11669
-0.21017
0.354982
-0.998145
-0.743827
0.982543
-0.116204
0.912874
-0.931322
-0.857458
-0.78795
0.983377
0.245182
0.895912
-0.902096
-0.705034
-0.157969
-0.80298
-0.838327
0.729618
-0.936418
0.944378
-0.396177
0.828802
1.00019
-0.00125593
0.662509
0.977811
-0.824427
0.982549
0.716753
0.0505981
0.787286
-0.954442
0.239933
0.511261
-0.974126
-0.156089
0.784256
0.841789
-0.509883
0.948571
0.0197471
-0.79453
0.371658
-0.938339
0.555449
0.940193
0.806985
-0.181279
-0.750555
-0.898943
-0.874883
0.66685
0.286788
0.40122
0.0723173
0.896789
-0.730677
-0.525872
0.999785
0.995457
0.622866
0.995346
-0.860736
0.626097
-0.077772
-0.967836
-0.973194
0.936204
0.14285
0.102295
-0.917859
0.821059
0.469732
0.651777
0.184883
-0.990341
-0.231674
-0.998614
-1.00022
0.52961
0.956676
-1.00022
0.413147
-0.172788
0.383252
0.893097
0.0480502
-0.489762
-0.998119
0.61901
-0.887286
-0.997116
-0.997341
-0.949106
0.283085
0.533903
0.770078
-0.453582
-0.513225
0.976139
-0.98746
-0.958053
-0.917997
-0.714757
-0.830449
-0.870772
-0.696679
0.322922
0.698114
-0.315465
0.394296
0.431769
0.722714
-0.719154
0.0353362
0.656822
-0.999203
-0.993487
0.732635
-0.966429
-0.0676221
-0.937723
-0.999676
-0.977076
-0.909982
-0.307396
-0.98944
0.165859
0.813676
0.472926
-0.150961
-0.913264
-0.985539
0.99289
-0.955794
0.807357
0.775493
-0.917072
-0.986877
-0.87129
0.771429
0.653829
0.994136
0.958172
-0.836221
-0.40558
-0.770046
-0.538442
0.384146
-0.962425
-0.875093
-0.175248
-0.975343
-0.622322
0.988102
-0.62547
0.997242
-0.415421
-0.751032
0.558294
-0.135014
-0.0827457
-0.991237
-0.0226825
0.502178
-0.207391
0.154122
-0.389294
0.406761
-0.295462
-0.590156
-0.0808764
0.610863
-0.72292
-0.780736
-0.830633
0.993143
-0.870474
-0.151053
-0.838515
0.20892
-0.115838
0.939155
0.776841
0.0934933
0.982375
-0.974649
-1.00017
0.807936
-0.790152
0.407506
0.419199
-0.979271
-0.079238
-0.439821
0.550907
-0.871066
-0.75675
0.999031
-0.893214
0.858056
0.752894
0.285526
-0.408624
-0.632643
0.027408
0.890857
0.274836
0.273991
0.64034
-0.232909
-0.693761
0.8937
0.898418
-0.740148
-0.37925
-0.575874
-0.835074
0.368439
-0.789703
0.0777318
0.514043
0.379369
-0.894024
0.730719
-0.991153
-0.999879
-0.589863
0.902881
-0.208189
-0.700368
0.492744
0.962869
0.376241
-0.99306
-0.636366
-0.670724
0.459909
0.794381
0.387207
-0.214305
-0.811114
0.244075
-0.98775
-0.340553
-0.187438
-0.437413
0.99019
0.331166
0.712081
-0.649828
-0.173259
-0.0738571
-0.528531
0.0518158
0.227577
-0.895873
0.860408
-0.731219
-0.874576
0.403901
-0.713133
-0.393924
-0.920586
0.150345
0.997565
0.967744
-0.527724
-0.558368
-0.305492
-0.341149
-0.170192
-0.304939
-0.874958
-0.718663
-0.629823
0.0809209
-0.194667
-0.983389
1.00069
0.472812
-0.916129
-0.882561
-0.990155
-0.981962
0.240444
0.994298
-0.970493
0.126244
0.887039
-0.793589
-0.307471
-0.66291
0.783296
0.89024
-0.403103
-0.35946
0.365835
0.624619
0.551968
-0.845873
-0.880859
0.348907
-0.528932
-0.245177
-0.632112
-0.603035
-0.939634
0.807611
-0.712566
0.921449
-0.581573
0.11217
-0.343605
-0.124133
0.32201
0.0868177
0.947374
0.113381
0.522171
-0.532225
0.946225
-0.717207
0.989307
-0.803244
0.647236
0.284888
0.133805
0.979191
-0.42609
0.660226
0.943719
0.57399
-0.693668
0.887523
-0.250244
0.652415
-0.486963
-0.995273
0.663997
0.877258
-0.658132
-0.917236
-0.48054
0.99747
0.985412
0.988446
-0.88424
0.827545
0.630216
0.105911
-0.990747
0.968694
-0.984024
-0.897241
0.558367
0.999479
-0.917188
-0.891855
0.362203
0.992671
0.392536
-0.962496
-0.128386
0.0968646
-0.449798
0.416298
-0.0955059
-0.984103
0.731977
0.3482
-0.940064
0.0687634
-0.965641
0.999475
0.870742
0.948129
-1.00034
-0.883737
-0.942984
-0.794626
0.428593
0.569767
-0.983797
0.105829
-0.887638
0.0593761
-0.998593
-0.711725
0.996515
-0.359949
-0.754777
0.801541
-0.501259
0.929204
0.885573
-0.780235
0.924265
-0.952943
0.174498
-0.998394
-0.211985
-0.359515
-0.785518
0.712816
0.135883
-0.785603
-0.998879
-0.74934
-0.13396
0.997492
0.407635
-0.993734
-0.423456
0.865309
0.992013
0.0278989
0.366316
0.996803
0.86773
-0.109435
-0.113262
0.416016
-0.184775
0.998354
-0.755469
0.951449
-0.954052
0.999413
0.328089
-0.926413
-0.10321
0.943858
-0.831866
0.0488731
0.520441
-0.866583
-0.0562821
0.713173
-0.981656
-0.999071
0.63157
0.501091
-0.876941
-0.329364
-0.999843
-0.990004
0.904567
0.564323
-0.961774
-0.983777
0.482692
-0.17104
0.952035
-0.998759
0.848176
0.85393
0.996793
-0.426569
-0.438016
-0.355935
0.876607
0.842894
-0.641608
-0.982365
0.279991
-0.57611
0.236934
-0.999098
0.744195
-0.93133
-0.384716
0.979351
0.975485
-0.290862
0.203589
-0.837245
0.359374
-0.999214
-0.825786
-0.967699
-1.00058
-0.862298
-0.631673
-0.866425
0.417905
-0.229302
-0.924248
0.706015
-0.999754
0.993916
0.999737
0.782646
0.449472
-0.823471
-0.663983
-0.726386
0.397437
-0.496396
-0.705642
0.682201
0.119259
0.169506
-0.97213
-0.84371
0.748856
-0.842568
-0.439872
0.11522
0.987563
0.344587
-0.605837
-0.998638
-0.302551
-0.0799292
0.746552
0.687484
0.235194
-0.967744
0.984034
-0.0593136
-0.958587
-0.826342
0.926619
-0.175287
0.317025
0.553531
0.545872
-0.913601
-0.867923
0.563871
-0.680844
0.962427
0.717595
0.99858
0.481806
-0.20272
0.399403
-0.838048
0.492451
0.967289
0.417083
-0.695976
-0.229868
-0.332372
-0.942508
1.00009
0.94876
-0.955419
0.923156
0.893655
0.960739
-0.999246
-0.552593
0.465689
0.462429
-0.849532
0.211334
-0.920991
0.643262
0.901674
-0.782167
0.22106
0.938878
-0.980426
-0.507611
0.951725
0.130739
0.955193
0.358043
0.9909
-0.608504
-0.624375
-0.86156
-0.943613
0.407449
-0.464382
-0.110426
0.999609
0.659539
0.604406
-0.202225
0.7682
0.982814
-0.0933841
-0.988444
-1.00012
0.928898
0.971531
0.923287
-0.113992
0.463404
0.979982
0.944041
0.259703
-0.0764411
-0.992788
-0.512155
-0.538996
-0.732691
-0.891176
-0.157127
-0.914657
-0.442913
0.400036
0.641679
0.0282165
0.675965
-0.874085
-0.95211
-0.99454
0.951178
0.763111
-1.00014
0.733623
0.313629
-0.172149
-0.0303677
-0.00846349
0.345878
-0.672488
-0.626387
0.994528
0.940929
-0.989804
0.935182
-0.646519
-0.0681498
-0.672382
-0.897498
-0.187453
0.0342672
0.811182
-0.974296
0.659498
-0.14936
0.998156
0.35903
-0.782195
0.999656
0.925562
-0.0769405
0.793865
0.698927
-0.923747
0.957166
-0.680893
0.486877
0.761741
0.515539
-0.0704976
-0.980557
-0.470411
0.912202
-0.546555
-0.717621
0.156723
0.829841
0.454254
0.957288
-0.844088
-0.988115
0.614191
-0.200782
0.0999559
-0.785887
-0.925508
0.735273
-0.255219
0.904139
0.220167
-0.654611
0.255679
-0.146355
0.229272
0.374956
-0.975812
-0.0770852
0.372114
0.292205
0.88795
-0.480824
-0.77693
-0.583089
-0.997375
-0.93185
-0.276589
0.985875
0.709923
0.919939
0.970969
1.00113
-0.890318
0.970186
-0.846257
0.992931
-0.964609
-0.0965904
0.696625
-0.405094
0.687248
0.812959
0.87853
-0.685679
-0.999053
0.662142
0.641715
-0.591373
-0.848539
-0.912671
-0.98716
0.426693
-0.96582
-0.857325
-0.145283
-0.895384
-0.457682
0.416195
0.522692
0.687857
0.598968
0.864327
-0.66114
-0.767923
-0.114274
0.31554
-1.00015
0.335553
0.670918
0.226334
-0.362409
-0.902726
0.803881
-0.382306
-0.999724
0.996192
0.999029
-0.926335
0.999688
-0.118291
-0.406571
0.92311
0.552563
0.948608
-0.210481
0.437202
-0.993073
-0.74421
0.589011
0.946019
0.802328
-0.824907
0.104488
0.985709
-0.996622
-0.924373
0.996634
-0.31377
0.979304
0.0209944
-0.779686
-0.165699
-0.905788
0.997736
0.645251
0.940082
0.949323
-0.194447
0.782404
-0.204852
-0.977872
0.442919
0.106637
0.236762
-0.330666
-0.923534
-0.837278
-0.285688
0.0490618
-0.826355
0.712292
0.47778
0.00590353
-0.9306
-0.638006
-0.753809
-0.782881
-0.818932
-0.930305
-0.079464
0.99923
-0.523473
0.91976
0.668807
-0.850151
0.994767
0.600305
-0.90351
-0.791014
-0.571313
0.973499
0.35812
-0.84281
0.793326
0.978167
-0.64628
-0.492507
0.969418
0.836438
-0.965434
0.0566083
-0.465649
0.0207057
0.864728
-0.989193
0.215139
0.885973
0.870805
-0.81565
0.110521
0.293046
0.979783
0.574564
0.0370092
0.231817
0.998986
-0.241047
-0.964084
0.015595
-0.245996
0.958212
0.999646
-0.997184
0.90634
0.999779
-0.972501
0.445825
0.19054
0.646888
0.997608
0.993444
-0.977039
-0.694843
0.705151
-0.594134
0.838778
-0.379086
0.0568525
0.277384
0.95202
0.884494
-0.943261
0.333424
0.635586
0.614912
0.00962246
0.87704
0.2359
-0.42141
0.598449
-0.812401
-0.242794
-0.227337
0.80176
0.656778
0.905867
0.790155
-0.132955
-0.286796
-0.643252
-0.780358
-0.431815
-0.835786
0.970045
0.354478
-0.123672
0.958134
-0.801173
-0.141349
0.928374
0.910841
0.934924
-0.214425
0.90642
0.911031
-0.701295
0.894104
0.63885
-0.6641
0.911422
0.966994
-0.996365
0.981457
-0.570211
-0.967201
0.910003
-0.888905
-0.429287
0.233758
0.913249
-0.831538
0.365152
0.953089
0.771553
-0.19012
0.347523
1.00054
0.999501
-0.378308
-0.779816
0.907412
0.948215
-0.678128
0.837971
-0.258875
-0.898197
0.984141
-0.961557
0.970877
0.0983928
0.979187
-0.399104
-1.00003
-0.494527
-1.00005
-0.91817
0.890318
-0.980285
0.258778
0.408121
0.89309
0.754259
-0.242321
0.0984937
-0.282183
-0.475214
0.640228
0.926593
-0.998943
0.258129
-0.999401
-0.999596
0.468304
-0.43512
-0.0915624
0.899211
0.989627
-0.875547
0.313956
0.236287
0.943625
0.999334
-0.622985
0.857528
0.155102
-0.853364
0.911455
-0.961448
0.867735
0.1261
-0.974934
0.999226
-0.409872
0.706502
0.665006
-0.123209
0.694712
-0.865639
0.986954
0.934133
-0.904968
0.152389
0.962886
-0.366869
-0.839081
-0.0758646
0.899657
0.836285
-0.625937
-0.533622
0.173644
0.945118
-0.839832
0.563057
0.583094
-0.89006
0.451596
0.869673
0.8437
-0.942101
0.990416
0.468277
-0.985808
-0.991946
0.851909
0.98125
0.984167
0.539424
0.376823
-0.504499
-0.14239
0.985179
0.512395
-0.678966
0.16193
-0.892023
0.520309
-0.993477
0.945944
0.172149
-0.888669
0.998381
0.761524
-0.933472
-0.272473
0.314662
-0.692678
-0.906599
-0.618367
-0.280484
0.00107123
-0.891835
-0.927216
0.220663
0.640938
0.830528
-0.33084
0.955434
0.999802
0.987387
-0.505941
0.900752
0.979575
0.0958475
0.973868
-0.89317
-0.717388
-0.808966
-0.910531
-0.464423
0.804581
0.185467
-0.994075
-0.741721
-0.597766
-0.12089
-0.997013
0.937831
-0.560783
-0.773246
0.977729
-0.0738966
-0.631042
-0.997206
0.364674
0.118589
0.459922
0.752
0.26231
-0.854747
0.362422
0.909418
-0.0765033
0.536032
-0.67081
0.703708
-0.991956
0.93957
-0.488887
0.609319
0.35528
-0.986594
0.996329
0.979594
-0.564014
0.614161
0.281895
-0.994096
-0.819175
0.921775
0.893625
-1.00013
0.979293
-0.250572
-0.59273
0.991848
0.185729
0.356522
-0.458519
0.279352
0.0132337
0.34536
-0.853379
0.691795
0.671448
-0.0947551
0.389237
-0.378084
0.828334
0.997358
-0.121306
0.26798
0.930713
0.261667
0.877159
-0.72936
-0.591047
0.865841
-0.860705
-0.717404
-0.861122
0.440122
0.454044
0.984272
0.881179
-1.0002
-0.85907
0.535648
0.980234
0.447707
-0.998749
-0.534326
0.260272
0.855656
-0.61509
0.395689
0.99889
0.236104
0.656672
0.765564
-0.724772
0.357712
-0.490211
-0.623338
0.974702
0.357939
-0.613113
0.999942
0.980385
0.600921
-0.967492
0.516881
0.575812
-0.73298
-0.395028
0.970714
0.734712
-0.979019
-0.889877
-0.265658
0.55421
0.359448
0.990904
0.885977
0.122036
-0.950199
0.974663
-0.996719
-0.978796
-0.790126
0.493685
-0.288628
0.998386
-0.857686
-0.0319932
0.99783
0.737923
0.197393
-0.936428
-0.991056
0.936398
-0.321024
0.831204
0.999102
0.711477
-0.604111
-0.319985
-0.980953
-0.563679
-0.912812
-0.914846
0.881543
-0.998981
-0.551724
-0.904521
-0.347201
0.500118
0.991842
-0.604065
-0.987469
-0.87738
0.622499
0.996459
-0.421783
-0.616167
-0.960668
-0.224666
0.18603
-0.226589
-0.767108
0.857988
0.996891
-0.91898
-0.985975
-1.00011
-0.109511
0.993426
-0.94636
-0.0845861
-0.976917
0.999237
-0.831284
0.648272
-0.583774
0.355177
-0.934187
0.931252
0.430514
-0.318931
-0.0187264
-0.67788
0.981179
0.238626
-0.0268767
0.78305
0.451041
-0.910249
-0.157892
-0.0821266
0.942583
0.285867
0.271461
0.554917
0.208101
0.0532988
-0.975374
0.955743
0.940053
0.9058
-0.736538
0.525451
0.150901
0.997377
-0.99398
0.00795308
-0.91536
-0.788234
0.081072
0.975762
0.997168
0.62112
-0.758822
-0.969466
0.999846
0.310608
-0.320629
0.164435
0.324266
-0.885413
0.997972
-0.346541
-0.10695
0.230811
0.644918
0.913493
-0.649571
0.619372
-0.208142
-0.894644
-0.455569
-0.337306
-0.918449
0.959011
0.990605
-0.910319
-0.99762
0.577115
0.305369
0.944556
0.996149
-0.713799
-0.873885
0.597675
-0.996816
-0.796193
-0.323976
-0.341676
-0.692477
-0.05614
0.738502
-0.734051
0.994219
-0.122733
0.124884
-0.866552
0.997673
-0.871187
0.938337
0.806122
-0.666912
0.992379
0.947884
-0.500625
-0.0841331
-0.173503
-0.778688
0.756925
-0.471058
-0.640278
-0.997344
0.0330003
-0.979626
-0.596471
-0.966585
-0.364205
-0.989719
0.78023
-0.665774
0.0533328
-0.376193
-0.820878
0.494246
-0.543828
0.243626
0.565595
-0.61472
-0.829157
-0.836886
0.973836
-0.660265
0.506886
0.0164642
0.546687
0.998676
0.949551
-0.971171
0.489394
-0.973171
0.863197
0.85106
0.823557
0.931348
0.940119
0.879173
-0.218429
-0.845623
0.244914
0.846537
-0.810762
-0.806436
-0.0105877
0.992795
0.908504
-0.601789
-0.616934
-0.539456
0.135721
-0.104209
-0.903068
0.991444
-0.681753
-0.982695
-0.908017
0.0743847
-0.222601
-0.972036
0.933839
0.990921
0.214745
0.347727
-0.969123
0.990785
-0.828878
0.279349
0.92477
0.833504
-0.987901
0.960957
-0.0599938
0.540439
-0.882932
0.51821
-0.528216
-0.528256
-0.80752
0.999969
0.604211
-0.44659
0.25148
0.0934324
-0.989421
0.952345
0.339406
-0.296258
-0.621204
0.369742
-0.155332
0.370796
-0.138588
-0.825453
-0.066263
-0.893669
0.462224
0.49219
0.965417
0.256006
0.656384
-0.673286
-0.719751
-0.670353
0.759888
-0.793386
-0.341633
0.505088
-0.371095
0.267653
-0.567017
-0.715439
-0.607081
-0.572446
0.992664
-0.845644
0.105358
-0.535591
0.996092
-0.878757
0.999075
-0.301545
-0.821766
0.318648
0.278193
-0.980604
-0.13885
-0.872344
-0.923583
0.726506
-0.520759
0.880712
-0.99871
-0.962283
0.673764
-0.775182
-0.934747
-0.527565
0.0410531
0.234475
-0.814344
0.891693
-0.999521
-0.116801
0.164758
0.438467
0.748899
0.819649
-0.782393
-0.460336
0.98673
0.112361
0.431663
-0.854279
0.917511
-0.486569
-0.234915
0.0936268
-0.300555
-0.805206
0.740829
0.268503
0.999016
-0.933895
0.071146
0.596645
0.262306
0.900335
0.964076
-0.346526
0.754621
0.999884
-0.982714
-0.835291
-0.201137
-0.542945
0.575132
0.344824
-0.807539
-0.930512
0.521687
0.994339
0.804589
-0.891451
0.526484
-0.689175
-0.954118
-0.608362
0.115505
0.745951
-0.227446
-0.475577
0.581246
0.434222
0.707203
0.912726
-0.606679
-0.736948
-0.96829
0.912231
0.49061
0.55368
-0.514884
-0.182789
0.630802
0.727194
0.599368
-0.676637
0.459102
-0.0985408
0.956312
-0.999645
-0.963403
-0.520936
0.665512
-0.984044
-0.867244
-0.997435
0.863392
0.0329141
-0.0664017
0.999101
0.77944
-0.158279
0.931945
0.978543
0.358742
0.948172
0.663828
-0.989978
-0.512536
-0.638075
0.971317
0.0564243
0.91403
-0.317887
0.41771
-0.348494
0.0620325
-0.967508
0.707905
0.322973
-0.915431
-0.997098
0.634903
-0.607249
0.725754
0.958593
-0.950943
-0.0268729
-0.991089
0.934248
0.996158
-0.885532
-0.283977
0.906865
0.911465
-0.0274987
0.273455
-0.917986
-0.940635
-0.354521
0.0241109
0.429972
-0.999513
-0.251587
-0.784484
-0.923102
-0.417159
0.0117196
-0.869348
-0.787306
-0.783825
-0.47108
0.739123
0.811029
-0.0849566
0.991774
-0.51755
-0.736678
0.113825
-0.973291
-0.963911
-0.713255
-0.627464
-0.752292
-0.523645
0.971279
0.887535
-0.719442
-0.676946
0.81605
-0.901721
-0.971699
0.401655
-0.93358
0.630157
0.961078
-0.95103
-0.96605
0.202944
0.353107
-0.573801
0.101127
-0.996443
0.115325
0.994597
0.997217
0.991552
-0.643128
0.477408
-0.682094
-0.371339
-0.215575
-0.999601
-0.6147
-0.0129441
-0.998186
0.673699
-0.670622
-0.59605
0.578864
0.877562
-0.997687
-0.972768
0.825445
-0.712478
0.770365
-0.19612
-0.505106
0.859915
-0.830387
-0.467134
-0.106465
-0.963807
0.977115
-0.986395
0.772477
-0.760137
0.278024
0.597382
-0.559143
0.223562
-0.226837
0.92517
0.991215
-0.730465
0.978049
-0.393494
-0.996214
-0.675937
0.964233
0.94429
-0.970892
0.843786
0.619193
-0.813451
0.957774
0.963036
-0.120436
-0.658435
-0.998318
0.986132
-0.894251
0.975812
-0.989713
-0.47785
0.995711
-0.946679
-0.0389858
0.699655
0.289513
-0.390692
-0.884461
-0.998117
-0.826797
-0.916931
-0.469104
-0.0586307
-0.982456
0.0999932
-0.406853
-0.964007
0.960698
-0.0603456
0.909853
-0.809848
0.334952
-0.907604
0.017643
-0.588218
0.970444
0.933173
-0.965961
-0.967109
-0.0113036
0.075848
-0.378209
0.182067
-0.867631
0.988338
0.444573
0.581044
-0.849742
0.947604
-0.397734
-0.502176
0.399696
-0.68186
-0.845248
-0.993177
0.52519
-1.00033
-0.104796
0.467492
-0.340925
0.413807
0.993765
0.264902
-0.44056
0.204364
-0.347122
0.266613
0.35417
0.903114
-0.644997
0.970493
-0.153483
-0.834829
-0.990612
0.128592
-0.988404
0.544511
-0.00842965
0.992503
0.805857
0.24344
0.963965
0.878431
0.88109
0.315937
0.908352
-0.537162
0.816205
0.970306
0.122383
-0.991557
0.785322
-0.793191
-0.511705
0.777853
0.0261654
-0.292831
0.909978
0.553273
-0.686354
-0.998491
-0.000636307
-0.88718
0.64749
-0.926921
0.656498
-0.836029
0.79735
-0.550137
0.640081
0.505429
0.758194
-0.528677
-0.984882
-0.413747
0.498933
-0.999914
-0.96512
-0.636939
-0.872522
0.0695833
-0.931688
-0.312408
-0.707529
-0.677658
-0.840482
0.476912
-0.998136
-0.282737
0.0933465
-0.318567
0.998458
0.352094
0.146765
0.965329
-0.453374
-0.999563
-0.722945
-0.735515
-0.979153
0.810476
0.969184
-0.363491
0.105479
0.590192
0.616318
-0.373106
0.0645021
-0.998799
-0.872821
-0.630623
0.517517
0.950167
0.86601
-0.71608
0.872118
-0.837131
0.431658
0.985169
0.0662371
1.00002
-0.169118
0.0502185
0.610907
-0.757095
-0.890986
-0.573969
0.987118
-0.705263
0.917816
-0.746957
0.865868
-0.96458
0.0260138
-0.637746
0.971409
0.982853
0.989473
-0.542551
0.614846
-0.932067
-0.7773
-0.575493
0.611173
-0.501475
0.137784
-0.659102
-0.073694
0.111714
0.620621
0.390052
-0.160214
-0.558236
0.764696
0.0136266
-0.0103102
-0.987383
0.559088
-0.755658
0.360046
0.930849
0.934989
0.294652
-0.825383
0.769529
0.993104
0.844814
0.997854
0.964329
0.731405
-0.843196
0.621685
-0.233148
0.305465
-0.661281
0.629798
-0.995932
0.341291
0.881793
0.532466
0.845113
-0.943121
0.993568
0.977262
-0.138984
0.931727
-0.123959
0.965905
-0.736431
-0.696565
0.169647
-0.734778
-0.274352
0.696116
-0.854712
0.857786
-0.999393
0.410674
0.0702011
-0.443065
0.434393
0.489025
-0.911261
-0.994975
-0.603267
-0.757972
-0.0528128
-0.865258
-1.00001
0.338231
0.0748008
-0.620885
0.796775
-0.670494
0.535947
0.987239
-0.0614171
-0.634024
-0.392003
-0.646934
0.278946
0.894138
-0.30366
-0.982488
-0.493142
0.708183
-0.605113
0.692545
0.419047
-0.0908586
0.229255
-0.952868
0.972048
0.67164
0.126317
-0.999389
0.399068
-0.100603
-0.976447
-0.347797
0.975097
0.973917
0.965963
0.133037
-0.97107
0.139149
0.772986
-0.985863
-0.982356
-0.704921
0.850348
0.68893
0.883351
-0.996778
0.0298265
0.86228
-0.378243
-0.0623808
-0.983875
0.305233
-0.598325
0.169402
0.330105
-0.706026
-0.932634
-0.589874
-0.979293
0.0796196
0.942805
-0.044405
-0.987173
0.575811
-0.686421
-0.99971
-0.86806
-0.620564
-0.814005
0.672526
-0.70924
0.970129
0.154976
0.0786014
-0.175726
0.0430639
0.998053
-0.906955
0.470795
0.937193
-0.625676
-0.997407
-0.627646
-0.239824
-0.221448
0.843369
-0.961064
0.982016
-0.238462
0.367829
0.928772
0.197808
0.142763
-0.195946
-0.775367
-0.945423
0.285644
0.738419
0.993655
-0.409958
0.962878
-0.074769
0.346557
0.216052
-0.967081
0.315773
-0.0714087
0.32093
0.924212
-0.324417
0.518891
0.164343
-0.483832
0.389433
0.869161
-0.381461
0.0905313
-0.748486
0.860301
-0.943317
-0.819625
0.0616912
0.878142
0.96415
0.702894
0.394941
-0.693164
-0.733097
0.99658
-0.0590178
0.461625
0.990874
0.102007
-0.964758
0.567804
-0.936625
-0.819815
-0.473481
0.0189238
-0.996807
-0.0409889
0.919477
0.616514
0.392026
0.20568
0.964311
-0.0490823
0.912062
0.0956208
0.990648
0.264369
-0.00432256
-0.49068
0.292238
0.962233
-0.974767
-0.355738
-0.684831
0.711496
0.207621
-0.883106
0.999582
-0.308672
0.304217
-0.992044
-0.777739
-0.931626
-0.811979
-0.999672
0.100799
0.369016
0.836207
0.111163
-0.875869
0.958308
0.486006
0.997623
-0.329623
-0.947498
0.893739
-0.416379
-0.432064
0.998781
-1.00021
0.996675
0.247025
-0.428433
0.765824
0.0297018
0.957603
-0.480898
0.0980129
-0.802703
0.306129
-0.99745
-0.780275
-0.53351
0.97662
-0.912886
-0.989662
-0.533061
0.0748907
-0.0985791
-0.92382
-0.421006
0.326448
-0.611836
-0.709718
0.629142
-0.39339
-0.0500278
-0.859773
0.338665
-0.997714
-0.0171822
0.359588
0.816865
0.0584333
-0.672815
-0.891524
0.992038
-0.517604
0.701209
0.978819
0.214757
-0.717696
0.918457
-0.610855
-0.340111
0.220219
-0.478751
0.262694
-0.39902
-0.428202
0.767832
-0.965191
-0.927489
-0.976593
0.8267
0.34663
0.491659
-0.501467
0.529218
0.327585
0.951346
0.869316
0.996102
-0.992859
0.888366
0.748797
-0.329722
-0.355219
0.999331
0.98911
0.887722
-0.707795
-0.872746
0.739271
-0.936658
-0.939357
0.416847
-0.380183
0.373193
-0.488235
0.999135
-0.567983
-0.854583
-0.153213
0.820063
0.466627
0.993726
-0.554563
-0.902408
0.856591
-0.396628
-0.134662
-0.265159
-0.997165
-0.270192
-0.218438
-0.421761
0.778306
-0.931491
0.939855
0.233272
0.659219
-0.824651
0.885542
-0.405794
0.379363
-0.0727104
0.364794
-0.955452
0.859364
0.923273
0.672745
0.542392
-0.839571
-0.438772
0.853687
0.893242
-0.889167
0.46012
-0.280715
0.0176534
-0.999527
-0.374458
-0.143957
-0.241024
0.98013
0.886289
-0.899094
0.479588
-0.948254
0.997413
0.161614
-0.853659
-0.976823
-0.493985
0.381708
0.340605
-0.535027
-0.90763
-0.520751
-0.825884
-0.530176
0.479146
-0.883656
0.118073
0.999073
-0.530007
0.841181
-0.517631
0.33542
-0.635897
-0.491178
0.272532
-0.864021
-0.401651
-0.969308
0.53398
0.986922
-0.488955
0.0210896
0.19158
-0.524117
0.734516
0.705167
-0.476101
-0.00318961
0.294375
0.402911
-0.958685
-0.183636
0.986599
-0.0546085
-0.791537
-0.990077
-0.934854
0.56641
0.00491015
-0.794924
-0.0181606
0.364579
-0.258085
-0.786395
0.75149
0.399791
-0.902155
-0.822987
0.685058
0.513726
-0.926992
-1.00059
-0.955152
-0.321062
-0.435341
0.174721
0.797288
1.0009
0.480416
0.42122
0.95458
0.966663
-0.209125
-0.416629
0.607296
0.921712
0.859572
0.528198
0.984382
-0.0246963
-0.974869
-0.110052
0.680283
0.335676
-0.997145
-0.979161
0.0551887
0.563666
0.932891
-0.426456
-0.199699
-0.245612
-0.90205
0.463709
0.934594
-0.596371
0.378078
-0.886879
-0.288732
-0.106871
-0.285128
0.921703
0.921489
0.643755
-0.878557
-0.853682
0.518585
0.0768558
0.0655422
-0.267749
-0.998386
-0.664298
-0.539787
0.0365934
-0.972102
0.816892
0.568947
-0.590669
-0.375409
-0.827208
-0.331015
0.211162
0.999337
0.65863
0.872029
-0.784756
0.991204
0.83004
0.31555
-0.997127
-0.349867
0.998604
0.918077
1.00015
0.823294
-0.0297312
-0.982044
-0.988497
-0.993736
-0.374184
-0.194798
0.991518
-0.229602
0.481326
0.999648
-0.407578
-0.808009
-0.00627811
-0.327365
0.185059
-0.789822
0.215958
-1.00051
0.859705
-0.990888
-0.949215
-0.246686
-0.972173
-0.918326
-0.956917
0.461053
-0.191926
-0.923769
-0.644168
-0.888325
0.542532
0.713316
-0.9991
0.708987
-0.407596
0.847931
0.132208
-0.934352
-0.0338853
-0.849419
-0.978807
0.829016
-0.970943
-0.643541
0.913299
0.513568
-0.937356
0.744787
-0.972332
0.409439
0.83841
0.245053
-0.863386
0.538763
0.621698
0.300146
-0.466428
0.60391
-0.00517926
0.897968
0.412495
0.981749
-0.555096
-0.800707
0.075309
0.268619
-0.565191
0.714099
-0.228664
-0.903945
-0.972051
-0.98099
0.161373
-0.939555
0.700356
0.459412
0.314689
0.230206
0.0580623
-0.212174
0.303488
-0.345548
-0.890602
0.995634
-0.923962
-0.944313
-0.0321589
0.293052
0.31284
0.29316
0.085887
0.141335
-0.746158
-0.0346725
-0.725159
-0.435194
0.188047
-0.909204
-0.0369223
0.197358
0.099489
0.0452777
-0.994229
-0.999811
0.396383
0.856519
0.992872
-0.777463
-0.141763
0.30568
-0.703783
1.00023
-0.937784
0.0693983
-0.892516
0.904164
0.567156
-0.9622
-0.507434
-0.958305
-0.940553
-0.142135
-0.23917
-0.0381821
-0.997711
0.135231
-0.797569
-0.924522
0.479807
0.847458
-0.742451
0.835323
0.977999
0.998669
0.892553
-0.95333
0.815871
-0.173171
0.204795
-0.107095
-0.922562
-0.0844679
-0.982642
0.980349
-0.721153
-0.769738
0.888184
-0.9747
0.993033
0.454139
-0.281134
0.221997
-0.0606134
-0.394356
0.97952
0.90147
-0.877077
-0.645456
0.535987
-0.944493
-0.741507
0.730731
0.95616
-0.416883
-0.60477
-0.832345
-0.565038
-0.220304
0.844735
0.494144
0.312451
0.324318
-0.432628
-0.555025
0.979693
-0.98191
0.78185
0.35863
0.944421
0.687777
0.454441
-0.13286
-0.749962
-0.924362
-0.899716
-0.510719
0.50729
0.626215
0.78711
-0.948526
-0.874722
-0.850231
0.732581
0.810762
0.284185
-0.535456
0.797981
-0.856686
-0.669757
0.0385445
-0.141815
-0.689112
0.147093
-0.673691
0.490378
-0.0905399
0.611359
-0.556432
0.971495
0.977065
-0.633303
-0.525443
0.753129
0.953265
-0.019691
-0.649154
-0.968231
0.823938
0.980677
-0.828022
0.969582
0.429215
0.678107
-0.9166
0.264016
-0.743116
-0.617032
0.872466
-0.871417
-0.246299
-0.988003
0.439208
0.902519
-0.968471
-0.930735
0.873017
0.81486
-0.584385
0.429188
-0.169765
0.212374
0.968954
0.588081
0.996958
-0.562613
0.97469
-0.32176
-0.893261
-0.681467
0.483118
-0.890437
0.613963
0.821417
0.398813
-0.597368
0.892823
0.211169
-0.99734
0.971171
0.474374
0.524417
-0.956411
0.729266
-0.175881
-0.219707
0.38117
-0.194937
0.725377
-0.570338
-0.249321
0.980947
-0.397264
-0.84416
-0.381556
0.118092
0.520645
0.538321
0.996617
-0.83496
0.603103
-0.998205
0.175637
-0.514147
0.488748
-0.290035
0.445891
0.987369
0.668692
0.956283
0.58892
0.230521
0.6471
-0.978977
0.851995
0.850772
0.102893
-0.999938
0.982915
-0.952701
0.763734
0.693863
0.321531
0.131344
-0.817567
-0.642499
-0.662911
0.0921923
-0.287235
0.828204
0.176251
0.0656881
-0.977547
-0.937272
0.475155
0.303591
-0.946861
-0.534629
0.413185
0.947267
-0.997558
-0.885973
0.648667
-0.792431
-0.0566234
-0.710242
0.93756
-0.397002
0.0488196
0.851689
-0.993352
0.900929
0.0509051
0.634465
0.633625
-0.810967
0.858567
-0.969839
0.220262
-0.998818
-0.782609
-0.0591417
0.817344
0.28682
-0.630421
-0.37155
0.331961
0.988119
-0.951503
-0.284069
-0.353249
0.940683
-0.53112
-0.0572112
0.825376
-0.979006
-0.820962
0.650456
0.988182
0.277846
0.22656
0.532655
-0.217002
0.898961
0.581331
-0.974551
0.155584
-0.805282
0.0177951
-0.415232
0.898722
0.87659
0.0901488
-0.02847
0.167687
0.968579
0.205749
0.4211
0.91258
0.717365
-0.736631
-0.999934
-0.563232
-0.528364
-0.441022
-0.559454
-0.876299
0.222209
0.996578
-0.916691
-0.981606
0.910765
-0.57277
-0.997211
0.522503
0.878474
-0.0379672
0.839274
-0.884522
0.3371
0.852262
0.993888
0.417828
0.844472
-0.133114
0.636781
0.00250379
0.663109
-0.653968
-0.843278
0.923974
0.0816148
-0.28462
-0.336583
-0.997269
-0.760572
0.878138
-0.199613
0.0679368
-1.00055
-0.703265
0.883535
-0.73332
-0.658059
-0.284555
0.0804295
-0.905545
0.757785
0.735773
0.579651
-0.419123
0.587879
-0.15333
-0.444435
-0.49527
-0.97468
0.848387
0.919772
-0.476341
0.777297
0.931234
-0.819222
-0.937059
0.562274
0.823297
0.0422089
-0.733361
-0.998725
0.814469
0.301242
-0.557677
-0.808512
-0.769421
0.889993
-0.70981
0.993401
0.83352
-0.0381768
-0.994962
-0.112568
-0.173938
0.0890821
-0.936488
-0.90272
0.481981
0.0300009
0.303608
-0.485732
0.238165
0.0144909
-0.55817
-0.902593
-0.165187
-0.957358
0.0499112
0.883314
-0.997051
-0.442633
0.662285
0.566149
-0.988987
0.707353
-0.996107
-0.0141202
-0.888172
0.9986
-0.774236
0.148647
-0.945379
0.30511
0.434267
-0.0603381
-0.807476
0.494223
0.722409
-0.0724629
-0.413501
0.165966
-0.753347
0.911427
0.185598
-0.174944
-0.780327
0.394919
0.387627
-0.840716
0.764171
0.476635
0.347562
0.53053
0.735344
-0.99899
-0.296745
-0.366059
-0.287456
-0.994941
0.999023
0.455064
-0.00919456
0.99969
0.33304
-0.835999
0.717531
-0.380487
-0.246395
0.455958
0.873109
-0.948472
-0.314792
-0.930157
-0.662575
-0.47307
-0.924722
0.565905
0.790642
0.473308
0.944103
-0.23484
0.926959
-0.799029
0.955981
0.51044
0.641644
0.331394
-0.83132
0.266921
-0.348313
0.494408
-0.934611
-0.511028
0.242305
-0.595773
0.982705
0.356176
0.782389
-0.915905
-0.47599
0.705233
0.417524
0.719445
-0.917759
0.680362
-0.837521
0.996434
-0.0962666
0.358508
-0.968127
-0.96391
0.32992
0.779415
0.336729
0.768929
-0.832993
0.479224
-0.279812
0.945691
0.377737
-0.809374
0.348206
0.998173
-0.537937
-0.605716
0.94712
-0.555778
0.95278
-0.914742
0.492427
-0.637638
-0.898462
-0.298174
-0.468137
0.853789
0.250127
-0.207812
-0.987685
-0.818464
0.998487
-0.212235
0.273613
-0.0517586
-0.983955
-0.751398
0.998924
0.969654
0.477054
-0.557851
0.303167
0.517104
-0.977938
0.739471
-0.980402
0.94658
0.285135
0.998829
1.00016
0.466437
0.92625
0.647815
-0.441828
0.888266
0.427738
-0.622255
0.358842
0.417884
-0.715403
0.403595
0.757853
-0.770513
0.702234
0.0565899
0.839142
0.594858
-0.873881
0.590196
-0.923399
-0.997745
-0.837842
-0.922826
0.742764
-0.373268
0.895849
0.891091
0.0913192
0.885682
0.235286
-0.752373
0.877394
-0.486978
-0.915507
0.998957
-0.762334
-0.237149
-0.989845
-0.394662
-0.756043
-0.66016
-0.680163
-0.498334
-0.949204
0.997631
0.308746
0.0389423
0.847413
-0.92331
-0.946749
-0.0656879
-0.918115
0.936877
-0.538933
0.454599
-0.874497
-0.160396
-0.988443
0.29954
-0.163132
0.689036
-0.752801
0.326143
0.210734
-0.536734
0.917132
0.990629
-0.879006
-0.628815
0.944091
-0.674569
-0.689138
0.943531
-0.485022
-0.00490649
0.996319
-0.181359
0.627538
0.982389
-0.828154
-0.70161
-0.576292
-0.999429
0.753541
-0.609967
0.943743
0.987908
-0.639805
-0.935474
0.99477
-0.193019
0.994286
-0.997301
-0.13561
-0.893689
0.917394
-0.942822
0.430441
-0.890953
0.970647
-0.996898
0.932531
-0.132343
0.291549
0.918953
0.482856
-0.889427
0.00865133
-0.137825
0.606338
0.580503
-0.949436
-0.838878
-0.276374
-0.184745
0.972604
0.126592
-0.0332681
0.134522
-0.979979
-0.743304
-0.119027
0.270991
-0.64834
-0.945068
-0.205584
0.999016
-0.800537
0.785096
-0.0312341
0.949379
-0.802479
0.945324
0.0754538
-0.00422423
-0.973523
0.594725
0.314584
-0.150375
0.533816
0.645892
0.954287
-0.984854
0.593074
-0.365278
-0.0764641
0.0625564
-0.241313
-0.859315
-0.999771
-0.880857
0.917943
-0.669144
0.301914
0.554845
-0.827321
-0.52663
-0.944685
0.349097
0.648691
-0.425438
-0.128419
-0.963005
-0.79564
-0.546094
0.844256
-0.125825
0.992484
-0.719914
-0.863783
-0.754307
0.639041
0.966217
0.136519
-0.918103
0.960259
-0.0792254
-0.441681
-0.999351
-0.0547448
0.960411
-0.914977
0.182054
0.17428
0.047531
-0.700431
-0.547989
0.803029
0.402894
-0.631821
0.988815
-0.596992
0.919545
-0.363153
-0.220017
-0.78567
-0.965052
0.0422345
-0.986026
-0.987784
-0.307936
-0.0560654
0.954897
0.761576
0.738052
-0.932925
0.889464
0.995859
-0.987052
0.0919716
-0.852734
0.845866
-0.110174
0.990985
-0.88598
0.171632
0.867678
1.00029
-0.689115
0.147366
0.0733801
0.0596825
-0.978151
-0.740414
-0.125977
0.65798
0.672436
0.996547
0.978918
-0.996813
0.598244
0.999051
-0.947351
-0.849278
0.259173
-0.992877
0.160772
-0.760995
-0.573332
-0.926006
-0.865056
-0.619879
0.0292565
-0.515136
-0.281846
0.998395
0.700418
-0.71213
-0.711825
-0.389546
-0.641574
0.864805
0.492517
0.752842
-0.558101
-0.477697
0.977333
-0.677017
0.968295
0.989784
0.491731
-0.106699
0.932666
0.201763
0.401128
-0.848946
0.868024
-0.0900906
0.298589
0.638271
0.00744834
-0.999468
0.0868844
-0.713074
0.426114
-0.839592
-0.90862
0.919587
-0.902854
-0.233989
0.648267
0.787244
0.822579
-0.650527
0.980534
0.902596
-0.23589
0.874932
0.363251
-0.53298
0.254965
-0.73806
-0.117133
-0.740216
-0.181924
-0.90119
-0.459107
-0.795982
0.95488
-0.0188137
-0.277449
0.654522
-0.108304
-0.828038
0.73381
-0.943689
0.0130281
0.199117
0.891285
-0.82454
0.635387
0.949962
0.837814
-0.983291
-0.559936
-0.994735
0.0604969
0.990379
0.686391
-0.449043
0.284515
0.219384
0.823269
0.556986
0.713561
-0.284125
0.427441
0.909558
0.999547
-0.997979
-0.970751
-0.972534
0.32933
0.792821
-0.98961
0.0161306
-0.965389
0.977122
0.099493
0.9991
-0.978954
-0.163926
-0.704869
-0.301474
0.389375
-0.962665
-0.207959
0.620201
0.511732
-0.699524
0.990902
-0.021604
0.104446
0.246342
0.767407
-0.987334
0.958281
0.490818
0.933349
0.434927
-0.575107
0.99309
-0.472253
-0.978464
0.103184
-0.998079
-0.793784
0.0977663
0.609818
0.139173
-0.998059
-0.966136
0.950096
0.0527772
-0.755679
0.81987
0.984255
-0.8107
0.986986
-0.235054
-0.742086
0.729546
0.874774
-0.547262
-0.537797
0.977106
0.100124
0.261669
0.609939
-0.340972
0.980657
0.99755
-0.841752
0.994667
0.997276
0.13785
-0.873236
-0.128
-0.488065
0.996013
-0.657464
-0.833953
-0.733456
-0.658763
-0.0515286
0.807563
-0.408179
-0.146171
-0.277035
0.096635
-0.692236
-0.883547
-0.401259
0.370106
-0.210462
0.631743
0.999581
0.889925
-0.964948
-0.675248
-0.0208547
-0.11405
-0.790519
0.160942
-0.736275
-0.972643
-0.947107
-0.998437
-0.999654
0.750857
0.547961
0.0559568
0.815751
-0.86737
0.471271
-0.669829
-0.85561
0.515411
0.993543
0.973937
-0.987346
0.355476
-0.978358
-0.791965
0.908834
0.953324
-0.847515
-0.985748
-0.868951
0.139944
-0.791235
0.704317
0.762569
0.305707
-0.999075
0.16031
-0.846859
-0.684187
-0.844064
0.662232
0.279969
-0.935075
0.832678
0.706979
0.219199
0.999892
0.999257
0.482107
0.564457
-0.457079
-0.857897
0.854098
-0.999102
0.538324
-0.202687
0.942549
0.136011
-0.705684
-0.96559
-0.917563
-0.15585
0.252163
0.973131
-0.826129
0.40974
0.991127
0.949495
0.742856
0.54889
-0.271907
0.427184
0.157106
-0.999774
-0.182733
0.966922
0.880906
0.999761
-0.961696
-0.530704
-1.00007
-0.397489
0.0698125
-0.2963
-0.955121
0.999856
-0.912267
0.788596
-0.407961
0.741268
0.998477
-0.21233
0.58154
0.992982
0.802721
-0.344415
0.840157
-0.758055
-0.606288
0.412154
0.851409
0.0151287
-0.399351
-0.746973
0.819336
-0.514358
0.933595
0.99965
0.961851
-0.983609
-0.263043
-0.751325
-0.93703
0.18656
-0.270928
-0.973161
0.0672754
0.132245
0.884437
-0.998985
0.109157
0.581628
-0.841048
0.257162
-0.973507
-0.852289
-0.549603
0.113008
-0.809518
0.461642
-0.0598056
-0.945748
0.612583
-0.147546
0.830797
-0.979662
0.909847
0.995047
-0.927118
0.99985
-0.534397
0.811129
-0.366848
-0.743005
0.966821
-0.539894
-0.437469
0.820454
-0.591188
0.937321
0.736663
0.663663
0.68889
-0.843275
0.994105
-0.664374
-0.458719
0.843135
0.79195
-0.860813
-0.28801
-0.675529
-0.201477
-0.276666
-0.795892
-0.0783757
0.416007
0.997278
0.119309
-0.934782
-0.310475
-0.876434
0.651657
-0.867445
0.943186
0.983576
-0.399399
-0.765795
-0.958413
0.346357
-0.188035
-0.477518
-0.924724
0.976624
-0.337209
-0.296815
-0.348128
-0.668538
-0.927736
0.988783
-0.997971
0.97404
-0.0885797
-0.988704
0.333774
0.917716
-0.00812021
-0.713383
-0.584401
0.708722
-0.006147
0.952367
-0.521549
0.0657145
-0.849269
0.656205
0.999061
-0.713093
0.0806818
-0.992065
0.183409
0.978189
-0.653165
-0.74949
-0.956773
0.91994
-0.933338
0.244012
-0.998239
0.50601
-0.0385213
0.676985
0.942512
0.806855
-0.942087
0.872243
0.865964
0.102706
0.0802826
-0.672744
0.52367
0.898921
0.817511
0.136984
-0.338661
-0.938025
-0.389968
0.468263
0.91401
-0.845517
-0.918004
0.7808
0.944428
-0.26238
0.914707
-0.98303
0.496289
-0.222157
0.21962
-0.0966439
-0.482727
-0.0100273
-0.138416
0.986553
-0.995555
-0.240358
0.1795
-0.97212
0.399979
0.782636
-0.296344
0.340276
-0.997673
-0.510403
-0.129369
-0.931635
0.713858
0.690154
0.918462
-0.532563
0.122419
-0.977093
-0.459885
0.307659
0.599403
0.998604
0.902344
-0.723437
-0.321621
0.621539
-0.573267
0.44353
0.939451
-0.621682
0.660674
0.57125
-0.318153
-0.908693
-0.8432
-0.708929
-0.0509188
0.0556641
0.744008
-0.664313
0.331957
-0.507188
0.531496
0.953883
-0.949222
-0.587058
1.00089
0.852908
-0.895186
-0.896361
0.830413
-0.0484088
-0.460412
0.999162
-0.997567
-0.664907
0.375879
0.957423
0.98906
-0.347308
-0.317088
0.779992
0.947211
0.890162
0.923764
-0.304389
0.0595234
0.99335
-0.425968
-0.781976
-0.86157
0.940897
0.942522
-0.802689
0.857038
-0.281053
0.950385
-0.824398
-0.509912
-0.912217
-0.237122
-0.936607
-0.22235
0.808887
-0.772172
0.995425
-0.933444
0.857495
-0.965341
-0.758005
0.999716
-0.14305
0.823291
-0.569733
0.403993
0.569641
-0.996888
-0.627184
0.437696
-0.924941
0.941648
0.690975
0.606248
1.00004
0.523637
-0.722437
0.958146
0.681579
0.773772
0.527655
0.0486685
0.754051
-0.998684
-0.178045
0.44433
-0.963924
-0.918698
-0.66391
-0.740732
-0.97075
0.988332
-0.945621
-0.49999
0.463682
-0.63966
-0.991038
0.648904
-0.454505
0.227432
0.908868
-0.849285
-0.367646
0.666627
0.952773
0.6028
-0.296483
0.596766
-0.568424
-0.684808
-0.373606
0.437024
0.502703
0.101363
0.822861
-0.900626
-0.117485
-0.979475
-0.996937
0.0685777
0.389534
0.051878
0.033815
-0.00132777
0.893843
0.986179
-0.992257
-0.285874
-0.528161
0.95557
-0.196601
0.386115
0.448527
0.0618437
0.283354
0.327999
0.179907
-0.314595
0.967037
0.61665
-0.382737
0.577794
0.428434
-0.54368
0.238379
0.996641
0.928332
-0.182789
-0.981467
0.28084
0.94356
-0.788832
0.956007
-0.342934
-0.206016
0.909102
-0.999188
-0.280214
0.475381
0.0947135
-0.843777
0.991678
0.497034
0.239253
-0.123971
-0.397804
0.255576
-0.770882
0.535933
-0.415883
-0.763787
0.994054
-0.408289
0.671057
0.969205
0.917534
-0.0644671
-0.905034
0.931133
0.358318
0.584331
0.956153
-0.426528
-0.999096
-0.891489
-0.717622
0.523891
0.674949
-0.399186
0.729385
-0.914533
-0.745825
-0.385103
0.157791
-0.557077
0.662949
0.75409
0.0899777
0.81139
-0.882091
-0.987313
0.777302
0.422085
0.788874
-0.889426
-0.732775
0.99898
0.649501
-0.932413
0.980128
-0.979128
0.48304
0.729194
-0.397464
-0.545353
0.480127
-0.305888
-0.674682
0.896932
-0.0438201
0.579401
-0.424026
-0.323241
-0.363807
0.863639
-0.174039
0.693883
0.635106
0.0228258
0.586129
-0.88987
0.492218
-0.707075
-0.174199
-0.378488
0.431955
0.967142
0.848136
0.796557
-0.979353
0.249987
-0.999336
0.890514
0.758861
0.556414
0.995519
-0.828118
-0.491131
0.92869
0.737288
0.607815
-0.642239
-0.377538
-0.097736
-0.278945
0.0114193
-0.26663
-0.901393
-0.329197
-0.929082
0.996101
-0.924911
0.514514
-0.677287
-0.107856
0.122728
0.918418
-0.147513
-0.632605
-0.815538
-0.95787
-0.693252
-0.997971
0.640915
0.0911558
0.923456
-0.253692
-0.986719
-0.994819
-0.240798
0.116199
-0.878635
0.651796
-0.647984
0.86289
-0.995156
0.998218
-0.566718
-0.995583
0.0931174
-0.728648
0.646609
-0.951155
-0.19392
0.947804
-0.352523
0.990564
-0.987432
-0.670812
-0.913539
0.16926
-0.799089
0.959658
-0.113438
0.920294
-0.435688
-0.990756
0.998643
-0.627291
0.998004
-0.893383
0.858957
-0.527846
0.598839
0.0430644
-0.650676
-0.479544
0.855534
0.00120056
0.351827
-0.874459
-0.561093
0.726004
0.266909
0.0881476
0.041031
0.497646
0.759638
-0.933299
0.914419
0.730965
-0.208548
-0.00977209
-0.569057
0.327817
0.747791
-0.97968
-0.999474
-0.950599
0.747391
-0.734041
-0.879383
0.287461
-0.985167
1.00033
0.988112
0.840693
-0.673496
-0.820202
-0.975061
-0.484494
0.537245
-0.516569
0.96312
0.152991
-0.825519
-0.519127
0.0556874
0.963669
0.979998
-0.76913
-0.467754
-0.982962
0.564483
0.465285
0.229687
0.705743
0.790922
-0.577802
0.709626
-0.998214
-0.708798
0.350637
0.81445
0.579832
-0.957065
-0.989864
0.76161
-0.569558
-0.795866
0.384803
-0.561238
0.325868
0.999174
0.688484
-0.992065
0.759048
0.759946
0.405433
-0.862836
-0.847436
-0.556333
-0.17948
-0.141441
-0.987164
-0.891296
0.00851236
-0.0720663
0.599597
0.704069
0.801923
0.697259
-0.28162
-0.416137
0.0501186
0.0571655
-0.00186509
0.114383
0.955818
0.437154
-0.595649
0.626601
-0.999253
0.898831
-0.905895
0.899095
0.156742
-0.73752
-0.659494
0.765746
-0.512005
-0.842837
-0.631076
-0.976867
-0.103714
-0.856978
0.885214
-0.577642
0.983633
0.917325
0.204711
0.892019
0.778199
0.139351
-0.973629
0.157911
-0.997959
-0.603815
-0.275582
0.825309
-0.0188313
-0.356523
0.916648
0.319094
0.378689
-0.694031
-0.950974
-0.582321
-0.686886
0.724265
0.24253
0.915004
0.49625
0.00257962
0.901434
-0.999302
-0.552627
0.99947
0.611549
0.42841
0.971934
0.724563
0.472924
-0.802619
-0.770483
0.63375
-0.523063
-0.582721
-0.0569047
0.999518
-0.468543
0.704717
-0.875573
0.417555
0.554286
-0.942995
-0.930996
-0.981463
0.428452
0.963232
-0.564818
-0.0503089
0.978228
0.298608
0.0816774
0.959202
0.9998
0.993916
0.262344
-0.350197
-0.484142
0.906511
-0.766387
0.370294
-0.986059
-0.0416903
0.995843
-0.997907
-0.736897
-0.854398
-0.267557
0.601079
-0.278646
-0.832099
-0.139855
-0.919605
-0.196853
0.898331
-0.796583
1.00026
0.69918
0.744351
-0.967021
-0.4658
0.10265
0.123518
0.853435
0.35493
0.547229
0.999728
0.125566
-0.570154
0.997591
0.159534
-0.0705531
-0.555746
-0.723237
-0.90392
-0.74524
0.994961
-0.376242
-0.925817
0.315784
0.82982
-0.00313016
0.772792
0.772641
-0.768674
-0.378214
0.913306
-0.945089
-0.547891
-0.842111
0.777409
-0.423832
-0.999589
-0.841575
0.69058
-0.940149
-0.646908
-0.106582
-0.281455
-0.140341
-0.380988
0.459064
-0.926326
-0.630938
0.566662
-0.69894
0.0940185
0.815515
-0.995779
-0.607279
0.880548
-0.404628
-0.645025
0.235164
0.389406
0.53096
0.947596
-0.805293
0.792934
0.940567
-0.281131
-0.470092
-0.723877
0.977207
-0.590325
-0.820671
0.0263479
-0.70435
-0.99744
0.106285
0.898915
-0.772661
-0.470166
0.508267
0.911442
-0.883302
-0.642797
0.966577
-0.23646
0.94274
-0.337219
0.946185
-0.947513
-1.0001
0.818655
0.844818
-0.864911
0.992525
-0.536642
0.140357
-0.763549
0.768311
-0.744075
-0.928019
-0.686565
0.990504
0.626013
-0.993341
0.940513
-0.00337847
-0.997091
0.708895
0.312063
-0.914917
0.925545
-0.779014
-0.209389
0.646827
-0.606346
-0.775048
0.0125108
0.148891
-0.917549
0.253041
-0.641969
0.529962
-0.997479
0.317567
-0.995997
0.834111
-0.996285
1.00006
0.389549
0.00941601
-0.998405
0.0416832
0.947688
-0.720641
0.137763
-0.226647
-0.935983
0.823055
-0.676515
-0.842212
-0.546668
0.390906
0.313414
0.995223
0.917615
-0.957402
-0.197401
0.467515
0.992294
-0.392113
-0.784801
0.890557
0.82929
-0.637581
0.149266
0.949348
0.972692
0.577023
-0.88116
-0.56137
-0.278778
0.870084
0.609883
0.740736
-0.301099
-0.636049
-0.998228
0.712632
-0.983148
-0.917162
0.431714
-0.933977
0.980172
0.979192
-0.915323
0.80759
-0.183899
-0.325183
-0.980026
-0.434337
-0.232627
-0.285201
0.848763
1.00017
0.461186
-0.99743
0.762419
-0.132888
-0.487104
0.999978
0.351993
0.999103
-0.682876
0.553044
-0.486133
-0.312837
0.854191
0.556079
0.977377
-0.998746
-0.441838
0.350374
-0.46007
-0.431704
-0.769572
-0.140115
-0.53834
-0.697913
-0.865885
-0.627985
0.995259
0.889572
0.997027
0.800786
-0.521026
0.240135
-0.200141
0.799297
0.895553
0.320667
0.931901
0.776872
0.610008
-0.157047
-0.125221
0.233917
0.167087
0.945074
0.466478
-0.0841152
0.247263
-0.799379
0.827227
-0.192804
0.987706
-0.867231
0.982265
-0.296495
-0.0381593
0.0229059
-0.238185
0.796465
0.996177
-0.656786
0.354438
0.505919
-0.183465
-0.842381
-0.866089
-0.961214
-0.0139189
-0.841322
-0.227303
0.823632
-0.0967169
0.983547
0.997292
0.90495
0.606381
-0.208892
-0.992426
0.546457
-0.847007
0.841056
-0.791064
-0.763655
0.809172
-0.881232
-0.91011
0.435906
0.943392
-0.0437207
-0.999515
-0.947613
-0.072426
0.0961624
0.887522
0.0903084
0.423242
-0.87744
-0.884839
0.915595
0.73856
-0.0259446
0.747477
-0.635615
0.585785
-0.956064
0.971768
-0.571163
0.199398
0.531478
-0.763581
0.342562
-0.475036
-0.747006
0.951829
-0.926018
0.348141
-0.649785
0.146628
-0.813758
0.094391
-0.266314
0.990616
-0.111121
0.702885
0.128227
-0.150393
-0.985336
-0.175771
-0.214149
0.777059
-0.590287
-0.343746
-0.804269
-0.859812
0.715029
-0.707513
0.0917908
-0.700971
0.374464
-0.323095
0.864142
-0.650246
0.0297567
0.988967
-0.966472
0.989285
0.456231
0.0876856
-0.92456
0.824212
-0.774124
-0.997925
-0.955774
-0.585825
-0.825402
0.991595
-0.299966
-0.174924
0.171295
0.214458
-0.290332
0.350653
-0.505092
-0.776902
-1.00092
-0.369538
0.475846
0.849156
-0.873354
-0.985447
-0.669913
0.352997
-0.435272
-0.643892
0.999597
0.979027
0.906839
-0.840457
0.761493
0.986317
0.99513
-0.809055
0.533261
0.000212067
0.984072
0.794679
0.993833
-0.283081
-0.150452
0.556469
0.154663
-0.942443
-0.995353
0.899354
-0.863278
0.99079
-0.115206
-0.928987
0.991782
-0.0652512
-0.998906
0.543635
-0.0610647
0.999335
-0.819864
0.965812
-0.341839
0.749118
-0.581806
0.38354
-0.869782
0.984629
0.031513
0.7057
1.00018
-0.97845
-0.92219
-0.283539
-0.297716
0.953004
-0.94455
0.0951083
0.990145
0.773837
-0.71984
0.666992
-0.538952
-0.848372
-0.658706
-0.556419
-0.991075
0.500356
-0.58536
-0.79397
-0.922515
0.983602
-0.57896
0.0893833
0.687315
0.997004
-0.894713
-0.769451
0.882176
-0.990759
0.714967
-0.980637
-0.372034
0.849611
-0.949543
0.305274
-0.985662
0.774335
-0.935322
0.169234
-0.425958
0.96661
0.740727
-0.998537
0.992926
0.657361
0.968525
0.964562
0.452634
0.728421
-0.251196
-0.881429
0.000511531
0.500286
-0.577121
-0.868637
-0.914727
0.579171
-0.314757
0.349685
-0.413939
0.985109
-0.0042958
-0.207175
-0.582236
-0.0731236
0.490332
-0.0982688
-0.972992
-0.526412
0.380416
0.372566
0.903739
0.815424
0.961122
0.607165
0.148133
0.465641
-0.593558
-0.0338547
-0.88656
-0.639056
0.749309
-0.0139066
0.292497
0.461358
-0.326898
0.803541
0.173801
0.632388
0.695486
0.951602
-0.995866
0.458317
0.0916004
0.627935
-0.347566
-0.0132682
-0.557049
0.946103
0.97881
-0.582368
0.976153
-0.870527
-0.710999
-0.713065
-0.998976
0.0490989
-0.532561
0.691273
-0.889917
-0.769907
-0.981378
0.315888
0.382687
-0.356315
0.657508
-0.549166
-0.960955
-0.182904
0.921465
-0.496536
-0.995839
0.249588
0.575886
-0.661213
0.165612
-0.352213
0.29036
-0.149158
-0.0699351
0.225534
-0.634881
-0.975072
0.291417
0.949558
-0.983666
0.885441
-0.890227
0.360083
0.323057
0.845631
0.999615
0.902492
0.442349
-0.363363
-0.027244
0.716322
-0.432383
0.987507
-0.222965
-0.0289379
0.98812
0.487263
0.424898
-0.422338
0.793129
-0.904506
-0.947507
-0.562893
0.418689
0.873311
-0.372969
-0.157912
0.245217
0.925364
-0.848862
-0.709672
-0.779459
-0.715998
0.2202
0.720871
0.119905
0.982426
0.867372
0.997962
0.269618
-0.525195
0.064903
-0.81727
-0.612138
-0.833501
-0.881991
0.985235
0.155239
0.224727
0.108839
-0.691613
0.504422
0.0466479
0.54043
0.669963
0.40767
0.456183
0.07923
0.205636
-0.555236
-0.998559
-0.797849
-0.780019
0.474069
-0.959636
-0.93397
0.998688
0.82019
-0.317961
0.998579
0.999858
-0.797192
-0.858524
0.895343
-0.0767237
-0.955723
-0.96495
0.972733
-0.184657
-0.81737
0.901603
0.964258
0.441651
-0.998512
0.996513
-0.992608
-0.773874
-0.966072
0.642261
0.865479
-0.999817
0.334815
0.591539
0.787617
-1.00013
-0.935439
-0.874336
0.214517
0.677922
0.853869
0.67565
-0.312367
0.626842
-0.071466
-0.710183
0.0791904
-0.997932
-0.790764
-0.472721
0.843785
0.867176
-0.291739
-0.10864
0.973272
0.359182
0.834897
0.165321
-0.998523
-0.103629
0.956941
0.235633
-0.999391
0.8586
-0.99305
0.324867
0.868801
-0.170023
-0.620496
-0.80673
0.221341
0.938508
-0.998844
0.678056
-0.275661
-0.687131
0.115688
-0.98645
-0.420485
-0.186352
-0.991345
-0.998131
0.175522
-0.999635
0.188365
-0.828316
-0.447862
-0.84111
-0.447293
-0.998484
1
0.0840733
0.100076
-0.942271
-0.972832
0.99019
-0.260284
-0.143089
0.992812
-0.855434
-1.00011
0.570879
-0.696768
0.444433
-0.998571
0.691095
0.679727
0.995759
0.0721431
-0.0287346
0.145449
-0.827137
-0.373842
0.252781
-0.169451
0.367967
-0.941698
0.0117864
0.0783361
0.990506
0.803236
0.129404
-0.365268
0.228605
0.1368
-0.0495121
-0.720524
0.969114
-0.991109
0.684898
-0.397327
0.969102
-0.608149
-0.200621
-0.2002
-0.953306
0.9873
0.726016
-0.824991
0.999975
0.368285
-0.19655
0.150532
-0.306643
-0.980035
-0.522508
-0.318255
0.905637
0.857891
0.317902
-0.238254
-0.801695
0.913305
0.703511
-0.915921
0.856247
-0.945436
-0.248186
0.968709
0.438544
-0.998817
-0.764623
0.100816
0.161174
0.544043
0.419776
0.973251
0.887937
0.991288
-0.755261
0.936834
0.351003
0.126442
-0.904922
0.386777
0.595625
-0.673364
0.868345
-0.135244
0.978797
-0.256557
-0.855195
-0.0830381
0.99868
-0.90522
0.920274
-0.128588
0.210254
0.736068
-0.230116
0.667863
0.933822
0.937542
0.55474
-0.95303
-0.375359
-0.772398
0.899491
0.00124271
-0.265356
0.268872
-0.966747
-0.258149
0.949248
0.226564
0.366619
-0.186699
-0.758694
0.218829
0.923331
0.279799
-0.457426
0.861321
-0.919054
0.999825
-0.71651
-0.679758
-0.960412
-0.994353
0.463554
-0.982797
0.997212
-0.269197
-0.598081
-0.272874
-0.801786
0.320778
0.868396
-0.63949
-0.65541
-0.934243
-0.413533
-0.180989
-0.206176
0.0361869
-0.267853
-0.114418
0.151502
0.365969
0.467975
-0.187386
0.9709
-0.539568
-0.937474
-0.917726
0.651693
0.905303
0.925368
-0.964195
-0.740805
-0.0432186
0.837356
0.74819
-0.208715
-0.80857
0.785273
-0.974936
0.230376
-0.753985
0.240356
-0.445634
0.390741
0.867139
0.222985
-0.802005
0.106216
-0.996944
0.783945
0.27001
-0.260039
0.508664
0.824647
-0.271798
-0.0650097
-0.767696
-0.99994
0.173935
-0.057097
0.998098
0.641199
-0.502434
-0.996796
-0.149362
-0.77338
-0.31945
-0.157323
-0.880281
0.966357
0.398544
-0.097914
0.0119962
0.847097
0.97912
0.0480038
-0.70003
0.862609
0.746901
0.993798
0.989155
-0.332913
0.459933
0.912936
0.983236
-0.985294
-0.931798
-0.838044
-0.966838
0.89004
0.542089
-0.184723
0.202621
0.0246117
-0.952684
-0.94939
-0.760314
0.644193
-0.878089
0.302906
0.575762
0.0246861
0.998106
-0.94484
0.00585817
0.998892
0.466168
0.503038
-0.999918
-0.842829
-0.522102
0.958112
0.498758
0.0738106
-0.999382
-0.979992
-0.289273
-0.767947
0.194914
0.588976
0.296715
-0.954318
-0.147608
1.00033
0.179786
0.694744
-0.00854143
0.0272779
-0.865711
0.650309
-0.652725
0.771147
0.13858
-0.591042
0.61615
0.63717
-0.985844
0.943085
-0.329836
0.983159
0.939663
0.257493
-0.57428
0.955888
0.687462
0.951683
0.719317
-0.038529
-0.99719
-0.791484
-0.774895
-0.733566
0.998019
-0.641641
-0.620519
0.88894
-0.622202
0.645047
-0.79966
0.0353204
-0.350834
-0.982573
-0.970887
-0.991035
0.983956
-0.11132
0.00365009
0.983159
-0.168074
0.384315
-0.748791
0.283103
0.738907
0.169143
0.280619
-0.989867
0.961593
-0.85986
0.303563
0.378151
-0.780875
0.217672
-0.915274
0.210594
0.773828
-0.993652
-0.377127
0.979072
0.666618
0.0540302
-0.255985
-0.517701
0.421283
-0.98791
0.71322
-0.970216
0.851422
0.868917
-0.809478
0.950519
-0.37452
-0.714667
0.984439
0.518162
-0.359678
0.997579
0.0840944
-0.0808186
-0.942177
0.997349
0.0360332
-0.206737
-0.0175117
-0.908786
-0.71191
0.381782
0.630158
-0.975746
0.265922
-0.73751
-0.850895
-0.298648
-0.178408
0.767757
-1.00053
0.9092
0.835467
0.942518
0.223024
-1.0007
-0.130909
-0.983424
0.819061
0.256399
0.79271
-0.809688
0.712527
0.777404
0.998689
-0.234883
-0.600759
0.393807
0.479703
-0.352373
0.911945
0.747944
0.844584
-0.308808
0.46765
-0.620906
0.978954
0.954997
-0.569819
-0.792538
-0.767
0.982488
-0.980385
0.0723109
-0.756057
-0.862754
0.74126
-0.987779
0.97348
0.997514
0.864256
-0.0171583
0.802054
0.319462
0.960969
0.30747
-0.284749
-0.959165
0.617559
0.773117
0.534244
-0.228703
0.784208
0.913139
0.566802
0.477583
-0.316796
0.736788
0.766367
0.161879
0.982693
0.0455357
-0.885177
-0.775614
0.0168826
-0.351215
-0.112896
-0.715967
-0.233576
-0.954855
-0.384721
1
0.252326
0.940288
0.970476
-0.0569311
0.986169
-0.964662
-0.980654
-0.31269
-0.527829
0.492926
-0.00278778
0.15013
-0.478788
0.71195
0.895367
0.69695
0.590361
0.922791
-0.811201
-0.872242
-0.175053
-0.676436
0.00365842
-0.0949373
-0.951374
-0.789503
0.973555
0.973435
0.789051
-0.823919
0.751268
0.499107
-0.997071
-0.863489
0.410448
0.640473
-0.130191
0.542783
-0.94948
-0.591674
0.600073
-0.972403
-0.85286
0.692869
-0.826368
0.301808
-0.97333
0.928657
-0.986523
0.775887
1.0002
-0.545096
0.682512
-0.908531
0.987243
-0.956769
-0.466982
-0.954847
-0.9311
-0.996891
-0.806292
0.856781
0.973355
0.88404
-0.356832
-0.159658
0.768219
-0.45546
0.98989
-0.084015
-0.590971
-0.181909
0.592217
0.977197
-0.0931733
-0.72081
-0.502376
0.973883
0.318888
0.830615
0.809769
-0.373837
0.561059
-0.852696
0.690908
-0.997083
-0.989246
-0.593221
0.930184
0.563284
0.821994
0.899533
0.875195
-0.432582
0.463501
0.0393438
0.856668
-0.999135
0.0638866
0.00332981
0.881834
0.142035
-0.970987
0.832045
0.805586
0.982471
-0.785049
-0.972573
0.478595
0.52317
0.916699
-0.0980962
-0.999769
-0.946205
0.0629179
-0.731269
0.540088
-0.602853
-0.177248
0.203954
0.535705
0.191729
0.675322
-0.0689246
0.792344
0.601061
0.978608
0.063102
0.856199
0.8888
0.715321
0.999451
0.972592
0.289376
-0.0508384
-0.966271
-0.81519
0.163574
0.194167
-0.263061
0.275079
0.941547
-0.0796894
-0.321448
-0.404224
-0.141152
-0.907631
0.436004
0.615207
-0.929447
0.0145217
0.336289
0.394895
-0.990108
-0.349807
-0.0255075
0.731653
0.836215
0.647687
-0.707262
-0.995008
-0.983976
-0.986217
-0.937707
0.718725
0.0413583
-0.702668
0.162222
0.994855
0.694837
-0.914319
0.358499
0.948684
0.97833
0.875768
-0.118572
-0.40611
0.474267
-0.109054
-0.835133
-0.993751
0.960864
0.805843
-0.977716
0.905046
0.959752
0.620177
-0.968486
-0.450373
0.804338
-0.378679
0.999747
-0.972259
0.781876
0.601211
-0.94598
0.384312
0.617701
-0.979484
0.911321
0.00519768
0.743009
0.43453
0.905007
0.780691
-0.169922
0.993264
-0.923028
0.966547
-0.0470464
0.652406
-0.259037
-0.766069
-0.558398
0.972951
0.46421
0.432184
0.995379
-0.565713
0.849251
-0.143132
-0.745636
-0.971968
-0.923605
0.808344
-0.290731
0.93894
0.881392
0.0780922
0.899645
0.393054
-0.858769
0.981364
0.61087
-0.0104258
0.944784
0.936306
-0.988138
-0.139969
0.0248825
-0.948407
-0.959364
0.826244
-0.16173
0.557245
-0.0618563
-0.31349
-0.73456
0.963442
0.827024
-0.882783
0.327135
0.825031
-0.944694
0.978658
-0.992913
-0.770362
-0.54534
-0.482869
0.771098
0.772161
-0.875739
-0.314556
-0.635715
-0.985282
-0.910198
0.874616
-0.565577
-0.993237
-0.746802
-0.457764
0.99452
0.196157
0.969635
-0.463556
-0.942656
0.143497
0.00767294
0.347383
-0.7702
0.203225
0.991781
0.874724
-0.801755
-0.9925
-0.21294
0.965806
-0.0588003
0.575963
-0.174287
0.753908
-0.925196
0.971642
0.709525
0.984433
-0.633266
0.560339
0.97198
-0.999898
0.395314
-1.00033
-0.902594
0.979297
0.976461
-0.669068
-0.713871
0.994653
-0.129589
0.998693
0.967885
0.713919
0.865718
-0.410864
-0.811551
-0.397161
-0.631
0.801418
0.682843
0.999738
0.378902
-0.49094
-0.823875
-0.602897
0.71127
-0.573487
-0.780409
-0.284051
-0.298204
0.27657
-0.390886
0.947777
0.899721
-0.63031
0.954526
0.482454
-0.358008
0.662217
0.970659
0.750694
-0.736433
0.900738
-0.306725
-0.271364
-0.984335
0.741215
0.999809
-0.156273
-0.634758
0.412373
-0.976992
0.113397
-0.949869
0.313157
-0.678152
-0.513154
-0.33963
0.980454
0.464046
-0.164678
0.0653062
-0.888619
-0.651823
0.890421
0.616057
0.39285
0.767287
0.541145
0.992803
-0.993039
-0.33913
0.9837
-0.339118
-0.991366
-0.0488297
-0.776399
-0.610234
-0.433234
-0.922733
-0.997045
-0.854231
-0.0477799
0.924854
-0.827166
0.978169
-1.0005
-0.987469
0.072274
-0.331994
-0.46975
0.489842
-0.922292
-0.872692
0.997527
-0.856171
0.988281
-0.999974
-0.220955
-0.989335
0.759771
-0.977416
0.896901
-0.764947
0.759904
-0.902618
-0.890184
0.418455
-0.0257874
0.915542
-0.985329
-0.34541
-0.619672
0.284271
0.985183
-0.961512
-0.972483
-0.378738
-0.077649
0.710344
-0.771826
-0.0436975
0.994501
-0.799109
-0.0818983
-0.675068
0.990471
0.0659406
0.100676
0.30237
0.259734
0.689786
0.678768
0.456405
-0.230317
-0.855012
-0.0284324
-0.979362
-0.291984
-0.611695
0.460689
-0.355779
-0.798012
0.902142
0.952196
0.145009
-0.396107
-0.807981
0.56526
-0.095845
0.68138
0.696706
0.989419
0.890678
-0.633094
-0.78459
-0.928225
0.484452
0.253341
-0.42814
-0.0634917
-0.855439
0.0658002
-0.98836
0.981082
0.908532
0.529614
-0.191993
-0.723644
-0.437788
0.858748
-0.348428
0.631117
-0.948867
0.146916
-0.63154
0.668329
-0.999604
0.864868
-0.999662
-0.504836
-0.548348
0.954962
-0.976009
0.259361
-0.292768
-0.328177
-0.728755
-0.991682
-0.920786
0.990639
0.0568193
0.948141
0.897186
-0.691918
-0.742274
-0.829963
0.541574
0.925394
0.802292
-0.986292
-0.766627
0.989796
0.820607
0.904994
-0.923066
-0.844355
0.242564
-0.618914
0.591609
-0.657471
-0.710299
1.00074
0.63719
0.886607
0.866679
-0.628693
0.953793
-0.970285
-0.769589
-0.812612
-0.982053
-0.663037
-0.996356
-0.994322
0.524772
-0.782328
-0.94068
-0.416297
0.978608
-0.0819699
-0.513085
0.978118
-0.957883
-0.11534
0.822306
0.811884
-0.927986
-0.993087
0.458132
0.932733
-0.316328
-0.46911
0.71651
0.907903
0.651073
0.111343
0.980096
0.777648
0.834924
-0.303786
-0.604819
0.996683
-0.882097
0.998989
-0.824725
0.869783
0.884691
-0.655592
0.331858
-0.691928
0.8496
0.993705
-0.909239
0.282809
-0.999635
-0.65224
-0.678842
0.60437
0.232371
0.131507
0.938085
-0.930996
-0.563272
-0.979868
-0.961962
0.998346
-0.96476
-0.17045
-0.0613741
0.0246917
0.6519
0.168521
0.953013
-0.156748
-0.522704
0.118717
0.721233
0.826623
0.583257
-0.170941
-0.999031
0.83381
-0.701575
0.37474
-0.353136
-0.675902
0.162387
0.91699
-0.988415
-0.791342
0.75662
0.905312
-0.790991
0.987473
0.203089
-0.915667
0.989915
-0.00195545
0.995307
-0.955823
0.297936
-0.913345
-0.930799
-0.857626
0.230562
0.0991151
0.912381
0.861035
-0.496164
-0.143857
0.673292
-0.699373
0.916199
-0.871721
-0.777621
-0.558361
0.988476
-0.806325
0.739119
-0.223219
0.758275
0.98404
0.350438
-0.89947
0.887438
-0.981602
0.964078
0.960866
-0.693585
-0.827648
0.834277
0.353978
-0.70424
0.86754
0.226538
0.0335755
-0.415559
0.999561
0.199395
0.975303
-0.155356
0.622019
0.805726
-0.856472
0.0520092
0.939797
-0.21442
0.543471
-0.958896
-0.797348
0.0588596
-0.76155
-0.331027
0.445663
0.485982
0.84417
-0.816857
0.205998
0.976346
0.810144
0.996834
-0.707872
-0.956172
-0.0260823
0.0389186
0.564072
-0.760326
-0.965391
-0.554019
-0.809119
0.578607
-0.596675
0.165646
0.0652591
0.178589
0.520481
-0.678158
0.25098
0.325144
0.251796
0.897019
0.993788
0.183325
0.504912
-0.851551
0.831777
-0.637282
-0.0356136
0.999353
0.4054
0.0674317
0.420868
0.557086
0.652783
-0.933204
0.931397
-0.370268
-1.00004
0.982023
-0.823596
0.839709
-0.303767
-0.336274
-0.601669
-0.452525
-0.619433
-0.67257
0.606227
0.904385
0.789981
-0.67955
-1.00056
-0.291228
0.983477
0.823618
-0.71897
-0.918271
-0.939281
-0.465436
-0.716746
0.570051
-0.705964
0.76999
0.541524
0.441929
-0.577005
0.787806
-0.728278
0.0213329
-0.811283
0.73482
0.797823
-0.99954
-0.198404
0.881439
-0.893178
-0.95051
0.796806
0.346457
-0.962797
-0.749625
-0.23378
-0.386566
-0.379049
-0.55177
-0.665179
-0.103925
-0.275982
-0.485164
-0.604119
0.999216
0.969368
-0.131747
-0.825817
0.846893
-0.929217
0.918907
0.609142
0.37788
0.741946
-0.277245
0.364837
-0.583573
0.524203
-0.6545
0.832401
-0.492934
-0.939182
0.186017
1.00062
0.31943
0.291813
-0.993394
0.492959
-0.991872
-0.772918
0.953507
0.913418
-0.759769
-0.979927
-0.969702
-0.60599
-0.619574
-0.505415
-0.536193
0.233611
-0.557821
0.937047
0.072282
-0.622142
-0.51893
0.407791
-0.417033
0.3954
0.753911
-0.276144
0.920201
-0.250026
-0.214314
0.960597
-0.0332073
-0.968536
0.947757
-0.843101
-0.791798
0.124334
0.892131
-0.877791
0.66713
-0.613123
0.379349
0.169495
0.680427
0.216025
-0.943862
-0.833313
-0.238843
0.223883
-0.97517
0.981887
0.755636
-0.338623
-0.639448
0.0812587
0.33308
0.758623
0.568776
-0.966738
0.848725
-0.0905807
-0.74469
0.894625
0.723731
0.971302
0.937147
0.976555
0.713807
0.943767
0.303779
-0.969517
-0.739175
0.759404
0.18479
0.456379
0.994492
0.245757
0.358947
-0.998193
0.961298
-0.987604
0.790358
0.919566
-0.570337
-0.954287
0.747075
-0.989535
0.484727
0.26054
-0.831904
0.0904476
0.912849
0.914933
-0.121433
0.628373
0.871007
-0.0622424
0.9052
-0.973087
0.99502
-0.559412
-0.96808
0.94456
1.00055
0.721593
-0.886448
-0.986115
-0.424869
-0.182095
-0.99964
0.010473
-0.317364
0.999103
0.980823
0.839289
0.828924
-0.707167
0.987453
1.00031
-0.100607
0.447283
-0.902934
0.874053
-0.998701
-0.392598
0.909958
-0.876447
0.233871
-0.553786
-0.999185
-0.815787
0.289281
-0.889919
0.690267
0.0328901
-0.762411
0.910828
0.770763
-0.366309
-0.604882
-0.810577
0.500103
-0.989517
0.879415
0.720338
0.139599
0.0556128
0.802392
-0.874472
0.864966
-0.57893
-0.162437
-0.624883
0.931228
-0.208476
0.832357
-0.997232
0.558922
0.0860614
-0.647182
0.997106
-0.85173
-0.309289
-0.880061
-0.976982
0.812896
0.927721
-0.167662
-0.330042
0.39416
-0.844738
0.074496
-0.735897
0.956958
0.941732
-0.8147
-0.307179
0.983351
0.775533
-0.901386
0.917068
0.616739
-0.218562
-0.189184
0.271364
0.299765
0.991961
0.0887624
-0.894659
-0.204725
0.484645
-0.525197
0.547542
0.998053
0.843746
-0.0131721
0.50988
0.17271
0.204317
0.948616
0.469666
-0.666272
-0.804698
0.940829
-0.817036
0.778682
0.664868
0.76799
-0.277976
0.976361
0.635766
0.314845
-0.778518
-0.470682
-0.644609
-1.00044
-0.998919
0.995761
0.998646
0.728663
-0.751336
-0.953367
0.639049
-0.980304
-0.536683
-0.464719
-0.578896
-0.565072
0.661052
0.135614
0.566517
-0.436294
0.793848
-0.995751
0.589282
0.622131
-0.999429
-0.9614
0.899315
0.982911
-0.307855
-0.598423
-0.99835
0.653483
0.18642
-0.739653
-0.496601
0.475875
0.10517
0.178956
0.745923
0.179714
0.940634
-0.532855
-0.951785
-0.999879
0.642219
0.969962
0.303648
0.0758029
0.829215
0.334226
-0.999989
-0.679879
0.724759
0.77535
0.975028
-0.122698
-0.188406
-0.171858
0.993615
-0.982117
-0.494487
0.778663
0.877154
0.844756
0.920124
0.968189
-0.383514
-0.982713
-0.631566
0.971275
0.995705
0.640863
-0.815264
-0.523957
-0.710967
0.620277
0.970727
0.426091
-0.949353
0.850257
-0.660841
-0.0638748
0.13849
0.170968
0.447792
-0.638094
-0.566005
0.972909
0.959948
0.928128
0.816161
-0.159527
0.838559
-0.986836
0.999829
-0.140769
-0.0377007
-0.332359
-0.975808
0.428274
0.353116
-0.297826
-0.108872
0.777901
0.495414
0.670886
-0.964564
-0.774513
0.247483
-0.934569
0.774429
0.634604
-0.0550822
-0.765973
-0.809055
0.963713
0.943563
-0.888006
-0.988809
0.273868
-0.998943
0.213257
1.00018
0.0490962
0.855135
-0.92143
0.878169
-0.699753
-0.658982
-0.137285
0.861195
-0.951763
-0.356558
-0.369245
0.963027
0.50919
-0.17666
-0.839444
0.932532
-0.695415
-0.99579
0.38346
0.750365
-0.362108
-0.664098
0.806304
0.0233904
0.97462
0.732412
0.722361
-0.442148
-0.588168
-0.768479
-0.798715
-0.637101
0.244997
-0.881295
-0.75204
-0.884416
-0.301944
-0.470019
0.923629
-0.821052
-0.999735
-0.383815
-0.9313
-0.615323
0.336173
0.957861
-0.488499
-0.602858
-0.660719
0.187023
-0.844964
-0.659764
-0.996641
0.948337
-0.477509
-0.770647
0.506836
0.972229
0.0934519
0.897019
-0.61007
0.276358
-0.638565
0.723712
0.540719
0.897958
0.207028
-0.905829
-0.220032
-0.984174
-0.4709
-0.232804
0.263203
-0.366252
0.554045
-0.324559
-0.891919
0.851357
-0.280283
-0.622168
0.0775653
-0.945167
-0.997583
-0.842573
0.99479
-0.0246088
-0.184766
0.958538
0.911335
-0.674758
0.997864
-0.899355
-0.0266803
-0.447814
0.999954
0.841436
0.536224
0.33128
0.869346
-0.614303
0.913502
0.988599
-0.648087
-0.972875
-0.963015
-0.854354
0.142625
0.595841
0.836131
-0.537169
0.998651
-0.880431
0.999295
0.433859
-0.989
-0.153243
-0.794898
0.661918
-0.143759
-0.951104
-1.00004
0.965309
0.536377
-0.350054
0.957188
-0.516651
-0.988563
-0.344088
0.162194
0.999232
-0.998081
0.757937
0.632494
-0.868375
-0.105872
0.285038
-0.661483
-0.44395
-0.328995
-0.839456
-0.838647
1.00003
0.807003
0.905719
-0.356919
-0.454221
0.984591
0.0422361
0.633969
-0.120031
-0.17925
-0.568025
-0.147041
-0.110306
0.489713
0.996805
-0.10498
0.938127
0.380691
0.925749
-0.924208
0.915121
0.939734
0.776268
-0.233916
0.780056
-0.999586
0.45055
-0.63536
0.949261
-0.107502
0.524433
-0.978824
0.92696
-0.907303
-0.542557
-0.730057
-0.972138
0.886726
-0.772632
-0.973582
-0.438821
0.0718561
0.998401
-0.693295
0.921504
-0.81146
0.818491
0.33706
0.877391
0.874669
-0.866494
-0.560281
-0.997715
-0.645052
-0.13838
0.548097
0.820509
0.575531
0.26473
-0.867633
-0.497044
0.335217
0.221805
-0.903418
-0.278366
0.946448
-0.857752
0.635363
-0.95639
-0.496402
-0.988419
0.214755
-0.994988
-0.625373
-0.780949
-0.512824
-0.619279
-0.975478
0.94727
-0.286335
-0.992882
-0.877059
-0.109825
-0.931602
0.0752506
-0.26369
-0.964561
0.242314
-0.772567
0.559428
0.0595142
0.220508
0.952011
0.973146
0.565427
-0.995261
0.893217
-0.33805
0.780093
0.714857
-0.896062
-0.162472
-0.659197
0.256821
-0.00735301
0.997205
0.52505
-0.351001
-0.535399
0.926316
-0.925202
-0.909002
0.918933
-0.628842
0.791772
-0.986988
0.550423
0.685051
-0.641023
0.813914
-0.891722
0.993104
-0.775101
-0.948359
-0.431596
0.569964
-0.290098
-0.80666
-0.789347
0.600162
0.166522
0.418217
-0.725197
-0.467741
-0.107612
0.68937
-0.857118
-0.983191
0.834622
0.994628
0.834086
-0.279982
-0.0188151
-0.49514
-0.897991
0.983016
-0.455503
-0.887781
0.785074
-0.424494
0.49366
-0.154369
-0.703912
-0.0135805
-0.982174
-0.943385
0.754728
-0.242358
-0.155427
-0.693863
-0.364878
-0.648085
-0.468106
-0.383901
0.911519
0.792155
1.0001
0.526182
-0.50973
-0.901375
0.999266
0.877721
0.998849
0.0106486
-0.845814
-0.43549
0.996039
0.933057
0.305549
-0.530239
-0.67187
0.620303
-0.844195
-0.275764
0.794048
0.951897
0.998561
0.888438
0.825933
0.523348
-0.706068
0.816461
-0.104493
-0.951384
-0.229478
0.836379
0.992864
0.0693174
-0.706241
-0.139319
-0.648496
0.02474
0.093957
-0.385676
0.198872
0.678665
-0.54776
0.877668
-0.971524
-0.835338
0.678431
0.391899
-0.982007
-0.16481
0.156376
-0.337204
-0.301997
-0.957468
-0.784425
0.95492
0.60837
0.727665
0.499843
-0.45312
0.611995
-0.554238
0.956273
0.605588
-0.607253
-0.0940892
-0.445256
-0.250279
0.402728
0.629738
0.92086
-0.833154
-0.431876
0.999655
-0.992881
-0.0653455
0.161325
-0.719827
-0.73652
-0.997728
0.620765
0.740276
-0.560165
-0.9985
0.711369
-0.207921
-0.60382
-0.59102
-0.429603
-0.282905
-0.975593
0.815488
-0.303548
0.297604
-0.24258
0.148187
0.924179
0.808538
-0.126396
0.107636
0.79429
0.483759
-0.338965
0.975137
0.00133514
0.0876681
-0.907731
0.423784
0.185655
-0.379625
-0.130191
-0.925715
-0.0496812
0.312512
-0.57806
-0.435853
-0.240849
-0.300511
0.876489
-0.567745
0.1202
0.409376
-0.388738
-0.158631
0.513363
-0.254013
-0.99525
-0.0358182
0.28662
-0.846588
-0.828091
-0.0332347
0.0241807
0.691379
0.785934
-0.352895
-0.943431
0.6735
0.975255
-0.52842
0.987045
0.996764
0.184697
0.0946443
0.157098
0.879606
0.964123
0.827161
-0.925672
-0.593964
-0.70233
-0.979227
-0.677308
0.420857
-0.984071
-0.417628
0.79694
-0.139235
-0.996727
-0.999114
-0.721616
-0.862311
-0.686742
0.309031
0.971483
0.679965
0.996204
0.40346
0.619426
0.962972
0.926343
-0.816813
0.938942
0.722092
0.826708
-0.989293
0.986103
0.652283
-0.659274
-0.93157
0.204203
0.986879
-0.795718
0.393902
-0.999457
0.860224
0.988125
0.434738
-0.403421
-0.397626
-0.597809
0.995836
0.931293
-0.996604
0.689798
-0.637337
-0.0704999
-0.547839
0.876672
-0.911634
0.492542
0.999199
0.993246
-0.497508
0.904464
-0.677919
0.999417
0.385328
0.1478
0.627746
0.904935
-0.316366
-0.511399
-0.644392
-0.935736
-0.402032
-0.598438
0.521194
-0.942524
-0.959825
-0.896497
-0.984615
0.749044
-0.992361
-0.355007
0.997369
-0.546888
-0.999259
0.922829
0.92526
0.98958
0.583569
0.24885
-0.169697
-0.355416
-0.92785
0.922187
-0.730064
0.412129
0.114065
0.538191
0.407431
-0.0228962
-0.924213
-0.709727
-0.435021
0.269542
0.253128
-0.408435
0.636866
0.590074
0.416021
-0.999157
0.583759
0.709404
-0.0502595
0.977248
-0.615561
-0.717225
0.180879
0.942229
-0.384204
-0.668259
0.539655
0.661342
-0.92955
-0.371917
-0.855399
0.922413
-0.969785
-0.573322
-0.999941
0.995547
0.828461
0.775745
-0.421514
-0.733118
0.88878
0.448662
0.969924
-0.507303
-0.973644
0.987593
-0.948409
0.88536
0.833825
-0.836731
0.488053
-0.513322
-0.84491
0.997292
-0.960981
-0.889697
0.914282
0.542956
-0.961022
-0.393818
-0.102068
0.833966
-0.495827
-0.963502
0.28579
0.973138
-0.405956
0.916532
0.990852
-0.935426
-0.855662
-0.988656
-0.969343
0.658393
0.25577
0.823055
-0.972828
0.89124
0.759001
-0.928177
-0.963001
0.713996
0.921362
-0.94291
-0.976222
-0.587233
-0.975482
-0.918581
-0.760124
0.591836
-0.96186
0.709327
-0.959398
-0.682162
0.128083
-0.663103
-0.520137
0.161514
-0.239731
-0.903695
0.554591
-0.00727774
0.329784
0.1725
0.130212
0.101953
0.996775
0.323526
0.980384
-0.560809
0.559454
-0.117097
0.214496
-0.980057
0.960297
0.65089
-0.807587
0.938259
0.263147
0.528322
0.864377
-0.485017
0.054324
0.125195
-0.281453
0.77387
0.231832
-0.770166
0.575929
-0.458222
-0.997534
0.98363
-0.970701
0.0488984
-0.497371
-0.892425
-0.887268
0.890787
0.905278
-0.35818
-0.204374
-0.604791
0.964151
-0.931295
-0.165156
-0.111445
-0.594948
-0.387225
-0.937505
0.142891
-0.409437
0.643127
-0.818829
0.783874
0.862806
-0.104212
0.944326
-0.943734
-0.734364
0.916149
-0.416116
-0.289876
0.246413
-0.440106
-0.378089
0.89418
0.140019
-0.462615
0.857587
0.0574259
0.0207163
0.173778
0.872734
0.835627
-0.833391
0.761004
-0.856994
-0.916416
0.054549
0.71639
0.103213
0.265159
0.899181
-0.94741
-0.459815
-0.577352
0.470918
0.981183
0.718486
0.719417
0.944195
-0.621805
0.759555
-0.321041
-0.685814
-0.802404
-0.967209
0.0373726
-0.979492
0.589163
-0.991061
-0.685607
0.39351
0.950398
0.0774636
-0.88929
0.117213
0.991538
0.974161
0.980521
0.290674
-0.457704
0.835115
0.326948
0.338035
0.0112458
-0.729123
-0.134716
0.996698
0.326796
0.430846
-0.957913
-0.308194
-0.1256
-0.0255329
-0.177734
0.0164613
-0.985748
-0.193304
-0.928144
0.852776
-0.0621219
0.994374
0.780166
0.226097
-0.446756
0.0045352
-0.826925
-0.835478
-0.957882
-0.718927
-0.874347
-0.840934
0.933117
0.531334
0.00516971
0.275959
0.998097
0.791256
-0.940663
0.824332
0.988254
-0.526713
0.958168
0.497942
0.672947
0.0255057
0.548804
0.966624
-0.373718
-0.451395
-0.997562
-0.0479397
0.271747
0.993835
-0.928427
-0.107963
0.0614619
0.860755
0.972092
-0.85502
-0.569168
-0.987798
-0.444197
0.871219
-0.375706
-0.931296
-1.0001
0.988811
-0.838351
0.01005
-0.506031
0.991509
0.906331
-0.770881
-0.660031
0.988081
0.412376
0.918565
-0.836208
0.0164369
-0.984704
-0.539385
0.208861
0.87463
0.969677
-0.868108
0.985568
-1.00011
0.472286
0.146439
-0.0166436
-0.593068
0.593411
0.97375
-0.874946
-0.929339
0.751734
0.984452
0.998458
-0.872069
-0.328305
0.453007
-0.936853
-0.244157
0.250554
-0.468584
0.684343
0.352462
0.999177
0.938179
0.0166572
-0.460249
-0.0658377
-0.857104
0.75792
0.764578
-0.780511
0.600189
-0.103912
0.52046
0.404758
0.493492
0.563953
0.957771
-0.932586
0.964068
-0.556902
0.899028
-0.238897
0.592652
-0.853872
0.767792
-0.266415
-0.979279
0.726893
0.367977
-0.677207
-0.368036
-0.20632
-0.20894
0.599739
0.10855
-0.379044
0.972921
-0.0984248
-0.936404
-0.71636
-0.999024
0.712621
0.672657
-0.734283
0.994985
-0.502959
0.910628
-0.369253
-0.0179577
-0.920596
-0.618419
0.123878
-0.999706
0.998171
0.951096
0.948775
-0.925882
0.989097
-0.377238
-0.851686
-0.377376
0.899718
-0.540116
-0.698699
0.792586
0.379101
-0.0396733
0.801131
-0.674258
0.849534
0.997402
0.533562
0.301377
-0.0517291
-0.690453
-0.604228
-0.40272
0.0233977
-0.557895
-0.49146
0.488339
0.761403
-0.06349
0.980176
-0.830648
0.617996
0.991146
-0.159675
-0.629573
0.907774
-0.403388
-0.654635
0.994154
0.997451
-0.788388
-0.973192
-0.617184
0.929193
0.357199
0.706423
-0.930012
-0.708714
-0.923094
-0.886227
0.584532
0.505855
-0.153133
0.842129
-0.109654
0.998756
0.39753
0.425586
0.923607
0.308179
-0.102398
0.687758
0.863564
0.0214037
-0.0282086
0.791263
0.95227
0.971771
-0.88509
0.604178
0.792898
-0.867397
-0.755521
0.780988
0.112107
0.988661
0.634264
0.67037
0.394615
0.928107
0.632307
0.980598
0.276989
-0.74513
-0.243728
0.945331
0.893275
0.275256
0.402521
0.999806
-0.512059
-0.544512
0.936934
-0.890934
0.88454
-0.100144
0.961128
-0.819955
-0.78651
0.89209
0.97994
0.854001
-0.976648
0.998703
-0.609631
-0.706933
-0.987237
-0.924089
0.994002
-0.997312
-0.962544
-0.683508
0.881364
-0.0320255
-0.576203
0.655939
0.540602
0.575256
-1.00003
-0.895695
1.00046
0.0448058
0.533766
0.792662
0.411196
-0.262765
-0.433616
0.999816
-0.992459
0.580855
0.423013
-0.544659
0.990728
0.710958
0.987362
-0.78456
-0.673322
-0.199104
-0.149755
0.892872
0.1404
0.961053
0.0315144
-0.450959
0.040798
0.26612
0.480032
-0.792456
-0.304754
-0.919842
-0.809983
0.949515
-0.00940868
0.902025
0.146015
0.0272153
1.00019
-0.837227
1.00022
0.668481
0.988824
0.969475
0.603067
0.778476
-0.65885
0.327099
0.899711
-0.209993
-0.472369
0.728266
0.760216
0.279017
-0.204518
0.797818
0.781655
0.675136
0.812092
0.95935
0.484758
-0.127105
0.438803
-0.816992
-0.77794
-0.423904
-0.598807
0.955755
0.351909
0.00368199
-0.0154513
0.394916
0.0657504
-0.16983
-0.999666
-0.927422
-0.580458
-0.199243
0.187159
0.526257
-0.212889
-0.942377
-0.261526
0.968603
0.902941
0.751833
-0.93283
0.714009
0.46845
-0.985469
0.931645
-0.56515
-0.31582
-0.961936
0.99895
-0.437207
-0.704376
0.999574
0.730469
-0.209627
-0.576585
0.662063
0.165733
0.0646278
-0.656897
-0.929746
-0.887818
0.76926
0.94328
-0.994666
0.967374
0.577459
-0.811202
0.141564
0.707288
0.936073
-0.662719
-0.567029
-0.958146
0.581782
0.644305
-0.140321
0.644132
-0.264328
-0.339297
-0.933053
-0.907392
-0.998629
-0.77758
0.673407
0.620731
-0.689584
-0.997025
0.177999
-0.517678
0.454264
-0.154244
-0.751381
-0.016694
0.810743
-0.996392
0.722183
0.962299
0.654756
-0.688553
0.866898
1.00002
-0.878519
0.408805
-0.915779
-0.568931
0.667658
0.388974
0.298143
-0.8932
-0.69277
-1.00099
-0.46166
0.917525
0.710774
-0.999779
-0.591565
-0.975418
0.255794
0.0614509
0.35374
-0.346621
0.302621
0.981783
0.823639
0.710561
0.934824
-0.431192
0.531799
-0.488573
-0.0484838
0.642379
0.344537
0.565087
0.765422
0.786587
0.58857
-0.957374
0.954355
0.99264
-0.0294422
-0.571162
0.331066
-0.744896
0.159355
-0.878144
0.78835
0.999401
-0.400457
0.505246
-1.00032
0.924896
0.53107
-0.90848
0.997387
-0.795784
0.988383
0.213274
-0.336343
-0.637697
0.936386
-0.0462079
0.571059
0.591349
0.394179
-0.765437
0.957208
0.744696
-0.991142
-0.995111
-0.992839
0.600699
0.862092
0.482512
-0.974482
0.248495
-0.425236
0.793716
-0.55264
0.620537
-0.222948
0.943164
-0.447612
-0.284535
-0.995918
0.599909
0.710224
0.328397
0.670752
1.00122
-0.485681
0.193134
0.00943147
0.84938
0.956776
-0.475738
-0.206767
-0.522628
0.956284
-0.885313
0.0672527
-0.219842
0.993235
-0.857765
0.664587
0.711214
0.668485
-0.999356
-0.857065
0.74301
-0.026426
0.999863
-1.00068
-0.2326
-0.397315
0.719845
-0.592993
-0.723589
-0.559591
-0.551674
-0.08339
-0.0815793
0.714614
0.292691
0.983833
0.568835
0.167048
0.838254
-0.452418
-0.608971
0.994494
0.724645
0.997445
0.968378
-0.767037
0.917157
-0.999711
-0.532638
0.0584629
0.384562
-0.243729
-0.979833
-0.984222
0.800768
0.86731
-0.194164
-0.419751
-0.829739
-0.762482
0.485807
-0.769177
0.12807
0.924038
-0.514844
0.0271352
-0.878782
-0.256034
0.798593
-0.0135747
0.560304
-0.894062
0.58137
0.701232
-0.973337
0.143988
-0.554285
-0.390873
0.763259
-0.384593
0.826628
0.991551
0.983713
0.00952797
0.320042
-0.527958
0.360033
-0.988384
0.495175
0.985369
0.816228
-0.323308
0.394139
-0.878288
-0.8482
-0.69762
0.898967
-0.624551
0.99997
-0.956706
0.821978
-0.918177
0.116548
-0.881077
-0.153417
-0.995983
0.16313
-0.44924
0.169376
-0.981672
0.954413
0.408944
0.934017
-0.97971
-0.986243
0.980162
0.967587
-0.985541
0.891019
-0.813504
-0.622374
-0.135175
0.430455
0.237221
0.999686
0.996721
0.67735
-0.989871
-0.76737
0.981098
-0.902358
-0.882665
-0.999647
-0.755235
0.99405
0.758773
-0.99021
-0.80212
0.66383
-0.858868
0.794173
0.626594
0.0209925
0.34755
-0.86409
0.296378
0.825266
-0.721368
-0.91941
0.733184
0.847482
0.816235
0.864286
-0.943131
0.989853
0.787176
0.08002
0.909227
-0.608708
0.992319
0.984131
-0.582359
0.672857
-0.159739
-0.74216
0.995944
-0.377796
0.958363
0.733368
0.140796
0.984503
0.280021
-0.657937
-0.920541
-0.576231
-0.741498
-0.710863
0.897746
0.951412
-0.329663
0.598898
0.996099
0.450463
-0.735924
-0.976802
0.767535
-0.831197
-0.988555
0.676766
-0.284471
0.442307
-0.207555
-0.418521
0.58579
0.78952
0.459611
-0.110213
0.922207
-0.502
-0.622407
-0.139827
0.0839232
-0.293157
0.987823
0.211863
0.701671
0.784666
-0.561447
-0.333944
-0.825135
-0.548374
0.988584
0.790535
-0.216935
0.326169
-0.810579
-0.992266
0.549425
-0.344113
-0.857717
0.985726
-0.607915
-0.969548
0.333804
-0.889934
-0.981715
0.551988
-0.964054
-0.633787
0.991426
0.416033
0.379354
0.70739
0.726543
0.677044
0.75727
-0.965097
0.606715
0.356222
-0.319552
-0.94953
0.602534
-0.0963975
0.0965276
0.445753
-0.986745
0.973854
-0.544312
0.996368
-0.159597
0.999556
0.988805
0.565042
-0.0756874
-0.828533
0.330914
0.183733
0.447999
0.784595
0.965222
0.888329
-0.205252
0.920322
0.990471
-0.265672
0.622951
0.890504
0.935785
0.872853
-0.903272
0.982543
-0.966315
0.850381
-0.117087
-0.784576
0.852129
-0.419781
-0.745974
-0.866459
0.998238
-0.984396
0.823498
0.25588
-0.523673
0.79453
0.981022
-0.675455
0.467099
0.432279
0.205421
-0.480521
0.668937
-0.996282
-0.340879
-0.89079
0.895559
-0.979149
0.327527
-0.532661
-0.851956
0.988467
0.894852
-0.0505564
-0.721943
0.930614
-0.917164
-0.087905
-0.87619
-0.397264
0.847809
0.589822
-0.888503
-0.829859
-0.675611
-0.987085
-0.996223
-0.760714
0.484324
-0.0670167
0.00478366
0.994245
-0.394627
0.409533
-0.955353
-0.990338
-0.951709
0.529564
-0.945071
0.996622
0.762473
-0.371292
-0.253681
0.992572
-0.838819
-0.548842
-0.998357
0.324647
-0.269841
-0.734773
0.998812
0.790863
-0.910183
0.60478
-0.714518
-0.993359
0.791942
-0.200237
-0.291039
0.929534
0.927377
0.792455
0.957322
0.308289
0.996851
0.166202
-0.310672
0.99691
0.490923
0.998221
0.648375
-0.712029
-0.809838
0.752309
0.844493
0.815411
0.661263
0.405224
-0.0284752
0.27857
0.0904838
0.991184
0.311986
-0.871446
0.368925
-0.220649
-0.951354
-0.272067
0.988142
0.0132154
-0.931043
-0.92544
-0.675698
0.22515
-0.807936
0.996469
0.99545
0.572732
0.977616
-0.119196
-0.200002
0.979568
-0.0273158
0.984454
0.99836
-0.996287
0.365514
-0.965006
-0.313657
0.449787
-0.964695
0.953363
0.798536
-0.91013
-0.627253
-1.00051
-0.953382
0.211197
-0.751379
-0.354018
-0.999879
-0.947285
-0.9982
-0.982355
-0.350277
0.550088
-0.95131
0.796694
0.544585
-0.697597
0.474745
-0.944667
0.885575
-0.612732
0.997326
-0.844983
0.949457
-0.345123
0.498282
1.00012
0.392819
0.845834
0.191558
-0.151058
0.891659
0.917795
0.985808
0.149272
0.323643
0.7294
0.916563
0.609879
0.99322
0.906854
-0.343944
0.616278
0.0432327
0.990664
0.944725
-0.335173
0.995391
-0.683665
0.973342
-0.908053
0.987361
0.777537
-0.715998
-0.104826
0.997159
-0.839618
0.253446
0.606544
-0.313559
0.671802
-0.99518
0.30395
0.972894
-0.960656
-0.810522
-0.995427
-0.926872
-0.111153
-0.909165
-0.343319
-0.995952
-0.59885
-0.621858
0.606451
0.383722
-0.196659
-0.722378
0.964807
-0.83573
-0.992548
0.32185
0.906211
-0.525728
0.395081
0.983175
0.987154
0.420901
-0.744335
0.220294
-0.996456
-0.140635
0.993709
0.385056
0.980857
-0.473533
0.606131
0.328549
0.99908
0.00747079
-0.213863
-0.170207
0.693919
-0.370676
0.915133
1.00009
-0.341925
0.958868
0.494893
-0.96846
-0.989797
0.389036
0.753515
-0.541111
-0.971447
0.650846
0.527499
-0.214949
0.929748
0.281704
0.883953
0.266242
-0.808668
-0.418664
-0.542426
0.98403
-0.888793
-0.997866
-0.942335
0.945769
-0.958778
-0.99752
-0.191499
0.027372
-0.317091
0.999156
0.416969
0.962629
0.384536
-0.269832
-0.98891
0.856917
-0.56538
-0.526604
-0.0806884
0.907395
0.168856
-0.266054
0.997879
0.643485
0.972649
-0.523403
0.989982
0.417579
-0.877497
-0.39671
-0.452227
-0.971736
-0.328886
-0.317418
-0.923322
-0.312719
0.981366
-0.545124
-0.733294
0.712684
0.422976
-0.953918
0.892321
-0.0897732
-0.198854
-0.307434
0.553757
-0.188254
-1.00103
0.964799
0.528264
0.102155
0.236559
0.934656
-0.762083
-0.785019
0.133184
0.395881
1.00027
1.00037
0.118814
-0.191487
0.562949
0.568131
0.2559
-0.687326
-0.413334
-0.84642
0.769577
0.742895
-0.302199
-0.558094
-0.99797
-0.887015
0.285917
0.885601
0.987597
0.185627
0.908656
-0.849109
0.951726
0.945738
0.0685334
0.593858
-0.737355
0.98561
0.933361
-0.985803
0.0283414
0.993895
0.361366
-0.161406
-0.711587
0.431147
0.100588
-0.985003
0.925185
0.6034
0.197401
-0.319899
-0.966584
0.712894
0.388332
-0.299577
-0.390084
-0.886305
0.996117
0.705411
0.988034
-0.0335813
0.495101
0.335933
0.448548
0.560836
-0.277767
0.799373
0.367599
-0.767362
0.418471
0.0124604
0.925189
-0.996216
0.428858
0.800628
-0.193106
-0.927821
-0.268018
-0.230703
-0.753086
-0.218374
0.999954
0.997834
-0.532262
0.99406
0.636715
-0.728561
0.799319
-0.915311
0.812084
0.461951
-0.931248
0.994618
0.164987
-0.91664
0.979854
0.349512
0.728639
-0.962173
-0.851544
0.154264
0.449836
0.348789
0.826609
0.993016
-0.226254
0.724974
-0.29666
-0.131262
-0.107201
-0.616675
0.733362
0.672858
-0.914956
-0.906411
0.554854
0.9682
-0.997907
0.995527
0.433417
0.920049
0.152587
-0.910707
-0.965403
0.62225
0.998929
-0.997427
-0.413592
0.00303383
-0.689512
-0.0769515
-0.72507
0.740106
-0.0338376
-0.0961829
-0.0179063
0.970667
0.551408
-0.93343
-0.759813
-0.979185
0.182703
-0.419363
0.922027
0.126099
-0.18736
-0.998218
-0.978772
-0.899843
-0.648613
0.228823
-0.703096
-0.00726922
-0.990488
-0.302596
0.510831
-0.211399
0.970787
-0.570441
-0.508354
-0.98542
-0.967202
0.996812
-0.518218
-0.545754
0.139047
0.850606
0.58647
-0.987713
-0.54508
0.989168
-0.433156
0.685101
0.924398
0.3549
-0.642783
-0.328086
0.152661
-0.902408
-0.951589
0.961551
0.713836
0.539296
0.572103
0.980653
0.239979
0.40949
0.929341
0.278394
0.60142
-0.862683
0.156734
-0.518097
-0.36549
0.564662
-0.729223
0.0929567
-0.826529
-0.571347
-0.549759
-0.965916
-0.489622
0.753361
0.0737429
0.274941
-0.864727
0.179173
-0.951247
0.959693
-0.723389
0.0685904
-0.544219
0.622569
0.388655
0.998694
-0.619938
0.217852
0.890735
-0.895734
-0.634506
0.207722
0.923669
0.661272
0.896239
0.876117
-0.919292
-0.97987
-0.814023
0.903132
-0.45125
-0.99538
1.00071
0.810151
0.987835
0.0900932
0.488054
0.998576
0.924154
-0.93782
0.967912
-0.952946
-0.915112
-0.253682
0.543912
0.177017
-0.994618
0.0869368
-0.964501
-0.497793
0.123526
0.821372
0.707902
-0.0556997
-0.841249
-0.993967
0.0557185
-0.781811
0.396793
-0.865453
0.0530001
-0.594477
0.903158
0.542937
0.863571
-0.701211
-0.727642
0.174841
0.589276
0.936729
-0.999017
-0.553466
-0.91588
0.915431
0.900136
-0.295435
-0.949952
0.955838
0.294952
0.179336
0.631553
-0.125822
-0.279269
0.944199
0.857548
-0.416285
-0.749096
0.912539
-0.884763
0.882984
0.498333
-0.660832
-0.824303
0.68567
0.162183
0.782048
-0.663659
-0.169291
0.304056
0.999415
-0.812471
0.60177
0.348966
-0.505481
0.313968
-0.941308
0.983961
-0.195292
0.908263
-0.545088
0.490875
-0.955794
-0.438775
-0.940731
-0.680381
-0.923546
-0.967773
0.908318
-0.827587
-0.790087
0.831932
0.663222
-0.646463
-0.991249
0.996679
0.689525
0.998262
-0.0129746
-0.763924
-0.0877051
0.223403
0.931141
-0.975449
-0.416842
0.83862
0.759319
0.0757823
1.00079
-0.456496
-0.0783958
-0.864683
-0.714714
0.935638
0.999286
0.893154
0.0732483
-0.358896
0.119886
0.407646
0.320568
0.924841
0.157652
0.479083
-0.404552
-0.0551643
0.12237
0.795095
-0.0737108
-0.288407
-0.743713
1.0002
0.966732
-0.887895
-0.872503
0.0832381
-0.416501
0.298472
-0.169257
0.177391
0.99955
-0.539872
-0.00568654
1.00054
-0.990816
0.542101
0.240438
-0.695857
-0.656379
-0.0933001
0.351028
-0.542782
0.805969
-0.195984
0.90319
0.938698
-0.601844
-0.670553
0.963001
0.665905
0.960208
-0.170477
0.471972
0.193533
0.0970905
0.0846071
0.153676
-0.997331
0.116071
-0.997981
0.689216
0.904729
-0.0427705
0.999869
0.798162
-0.873634
0.353695
0.62874
0.243461
-0.694729
0.85255
0.0401919
0.382558
0.0944045
0.0184955
0.43211
0.480792
-0.800659
-0.995827
-0.99899
-0.793395
-0.655037
0.247543
0.999459
0.235022
0.142006
-0.734844
0.0513322
0.979911
0.0360001
-0.965455
-0.0427285
-0.592087
-0.0236813
-0.0874838
0.776525
-0.68853
0.620904
0.70092
0.989759
0.999176
-0.996968
0.164501
-0.19187
-0.261987
0.159182
0.505749
-0.998287
0.614098
-0.680419
0.122895
-0.662962
-0.522815
0.911487
0.797926
0.907438
-0.0738008
-0.977225
0.273647
0.713841
-0.991387
-0.998868
-0.883225
-0.924297
-0.251586
0.759934
0.852847
-0.405962
0.386288
-0.0881785
-0.118426
0.929746
0.944506
-0.144581
-0.709823
-0.0953561
-0.92892
0.943927
-0.965844
0.998258
-0.343623
-0.900384
0.972537
0.63736
-0.247876
-0.600875
0.733605
-0.731367
-0.980885
-0.836218
0.408002
-0.120647
0.954655
0.409456
-0.672346
0.854562
0.153575
0.194989
-0.748091
0.984825
0.0298914
-0.759187
-0.805583
0.131713
-0.957156
0.00937753
-0.77331
0.274751
-0.931895
-0.97026
0.586034
-0.400391
0.754794
-0.634272
-0.443935
-0.612048
-0.651777
0.583786
0.186368
-0.80196
0.656378
0.950344
-0.276989
-0.0461121
-0.0152824
0.954227
0.509133
0.266932
-0.948863
-0.147988
-0.906514
0.0746279
0.701963
0.996919
-0.719956
-0.845857
0.52446
0.700885
-0.0858771
0.686641
0.670352
-0.800775
0.159138
-0.158299
0.572114
0.999444
0.441015
0.711086
-0.226906
-0.769067
-0.281739
-0.375086
-0.849486
0.939551
0.703274
0.847066
-0.737061
0.896392
0.918722
0.925547
0.901127
0.501136
-0.819673
-0.420451
-0.525788
0.950872
0.997195
0.763706
0.286673
0.970138
0.999378
-0.745454
0.869441
0.373389
0.351576
-0.957134
0.599561
0.498887
0.989701
-0.0299952
-0.00416802
-0.95589
-0.81747
-0.779706
0.796194
-0.938604
0.676763
0.287796
0.572745
-0.807935
0.248541
-0.862074
-0.888142
0.536975
0.287679
-0.547778
0.907413
-0.288576
-0.876661
0.849287
0.0417771
0.36902
-0.0405279
0.737784
-0.133273
-0.977165
0.542985
-0.997429
0.971784
-0.7653
0.910509
0.362198
-0.978538
-0.972089
-0.456262
0.966369
0.909242
-0.507225
-0.994624
0.498806
-0.982376
-0.963356
0.657486
0.973565
-0.364204
-0.694011
0.425851
0.968724
0.937851
-0.970887
0.75174
-0.397823
-0.979135
-0.97021
-0.265713
0.340684
0.625596
-0.982328
-0.0695262
-0.143709
-0.946905
-0.998826
-0.044994
-0.421652
-0.787467
0.486812
0.99043
0.0819855
0.868742
-0.00502785
0.760495
0.719075
-0.313987
-0.86349
0.998935
0.209751
0.999289
0.659507
0.378847
0.690084
-0.869583
-0.978846
0.0522567
0.997473
-0.597026
0.860548
-0.0469802
-0.874852
-0.362046
-0.809641
-0.767196
0.756743
-0.786366
-0.699089
-0.0322303
-0.502626
0.145078
-0.687756
-0.996303
-0.00775584
-0.630718
0.343852
0.917784
-0.342808
-0.963654
0.985209
-0.75051
0.875974
0.896764
-0.894268
0.944821
-0.306619
-0.696902
0.288945
0.96602
-0.881588
0.494471
-0.996987
0.722214
-0.671647
-0.737389
-0.2992
-0.314199
0.590024
-0.762967
0.211641
0.0110776
-0.995278
0.545149
0.242682
-0.855098
-0.998395
-0.726902
0.340475
0.869719
0.987072
-0.87505
0.649847
-0.841573
0.088761
0.696926
1.00011
-0.451732
-0.960373
0.927861
0.850391
-0.484766
0.695217
0.562813
0.558493
0.989196
-0.626466
-0.828341
0.0292357
0.939893
0.776688
-0.919324
-0.547902
-0.870904
0.435817
0.786841
0.446157
0.29123
-0.691189
-0.983814
-0.214444
-0.845137
0.630434
-0.669481
-1.00026
0.782197
0.874378
-0.700665
-0.392241
-0.551898
-0.907514
0.324723
-0.478691
0.928114
-0.932422
0.855888
-0.138251
0.361834
0.699631
0.950873
-0.52086
-0.788386
-0.982991
-0.212576
0.435036
0.474095
-0.976081
-0.928225
-0.80548
0.974566
0.761626
-0.277028
0.614113
0.97416
-0.326981
-0.852977
0.944774
-0.105141
-0.68911
-0.927313
0.99132
0.966616
0.916644
0.818284
0.999571
0.384111
0.106758
0.580563
0.179813
0.984034
0.97396
0.364469
-0.924667
-0.012579
0.32319
0.991296
0.999813
0.716328
0.281802
0.936899
-0.523969
0.0541989
0.928028
-0.514018
-0.781624
-0.771926
0.731615
0.627347
0.86382
-0.959103
-0.621013
-0.681686
-0.4657
0.040183
-0.108586
0.964474
0.653027
-0.891677
0.628578
-0.936166
0.132957
-0.124415
0.831546
0.498467
0.0997841
0.992496
-0.411366
0.975241
-0.414063
-0.855192
-0.191802
-0.95655
0.999073
-0.837599
-0.0136937
0.690011
-0.771899
-0.677054
0.950322
-0.991546
-0.824148
0.175515
-0.86391
-0.102478
-0.893418
0.151345
-0.347616
-0.840906
-0.998981
0.480664
0.954177
-0.947551
0.461174
-0.944757
0.769846
0.685536
0.0245341
-0.441106
-0.932571
-0.917348
-0.780201
0.999095
0.401573
-0.975531
0.657307
0.998951
0.189596
-0.998035
0.404349
0.277551
0.999398
0.117925
-0.991677
-0.689886
0.913208
-0.805218
0.869129
-0.820937
0.932875
0.594822
0.0180185
-0.968886
-0.758842
0.999407
0.737728
0.978243
-0.344652
-0.473109
0.712148
-0.998963
0.22514
-0.797169
0.583205
0.99874
-0.978907
0.775086
-0.831585
0.538261
-0.00616646
0.341063
-0.494421
0.915443
-0.904659
-0.0102356
-0.978129
-0.794188
0.572837
-0.497549
-0.795585
1.00097
-0.79428
0.844381
0.167148
0.444324
0.986475
-0.275016
0.537832
0.99925
0.996236
-0.818906
-0.811836
-0.108871
0.574021
-0.961805
0.756768
-0.0115827
0.824
-0.933585
0.413028
-0.970521
-0.280315
0.656859
0.219635
-0.999793
-0.663341
-0.347424
-0.970494
0.83128
-0.864465
-0.0969422
-0.84742
-0.943642
0.952061
-0.0141771
-0.339084
-0.571787
0.176886
-0.277907
0.432258
-0.616371
0.922827
-0.134334
0.979616
0.515185
0.543573
0.608067
-0.99785
-0.375207
0.925297
-0.400954
0.831953
-0.907153
-0.32632
-0.641646
-0.956342
-0.747788
0.682129
0.288097
-0.314037
0.936587
0.53992
0.983956
0.404828
0.989755
0.735526
0.376845
0.0733635
0.298791
-0.0170897
-0.94051
-0.227187
-0.025276
-0.877127
0.583784
0.982805
0.929704
0.730539
0.0680617
-0.82331
0.792684
-0.816298
-0.999989
0.995558
-0.967917
0.735937
0.685428
-0.904091
0.97468
-0.999455
-0.860091
0.952773
0.599
0.994987
0.966632
0.6678
0.0334363
-0.547621
-0.583085
-0.0983825
-0.781482
-0.00367229
-0.643173
-0.897575
0.197266
-0.896209
-0.468765
-0.111851
-0.0265411
-0.45408
0.99646
0.230906
-0.952359
0.0553722
-0.354056
0.559847
0.82563
-0.773082
-0.450246
0.038878
-0.512645
-0.998821
0.987604
0.977019
0.866829
0.530158
-0.367892
0.995765
-0.984863
0.554579
-0.555255
0.897471
-0.825932
0.504705
-0.3001
0.188114
-0.00344732
-0.907301
0.0814699
-0.705694
0.0823034
-0.994041
-0.0823998
-0.971913
0.985247
-0.774981
-0.941401
0.935036
0.79207
-0.482474
0.255156
0.733076
-0.174826
0.112423
0.965003
0.978247
0.789685
-0.544299
-0.187762
0.753131
0.972478
-0.776906
0.615109
-0.997455
-0.675474
-0.406555
0.00586479
-0.974877
-0.594252
-0.421232
0.840323
0.756855
-0.011765
0.809236
0.559818
0.906507
-0.99187
0.932989
-0.999332
-0.96309
0.203457
-0.952838
-0.954358
0.348655
0.000113528
0.279991
-0.566995
-0.263729
0.152486
0.90761
-0.9988
0.659518
-0.609873
0.981505
0.417607
0.966923
0.93846
0.0980698
0.235617
-0.881024
-0.551812
0.663999
1.00013
-0.484768
-0.680559
0.908526
-0.63014
-0.0131841
-0.774257
0.651386
0.989148
-0.396008
0.309342
-0.0526731
-0.946166
-0.572726
0.812517
0.167058
0.0524313
0.0960972
0.754221
-0.103844
-0.999068
0.081767
-0.715357
-0.976485
-0.131888
-0.799116
-0.827986
0.167061
-0.519717
0.500285
0.213216
0.981677
-0.978199
-0.891508
-0.709656
0.254218
-0.668518
-0.987719
-0.465369
-0.983263
-0.609472
0.996608
-0.0578005
0.571693
-1.00014
-0.321545
-0.760938
0.67684
0.51433
0.260624
-0.271086
0.236765
0.734189
-0.426098
-0.173536
-0.721805
-0.425288
-0.458805
0.968672
0.0632076
0.768804
-0.999687
0.343117
0.893527
-0.671089
0.992087
0.436878
0.899386
-0.998502
-0.04414
-0.524567
0.503539
-0.322219
-0.684994
-0.909435
-0.803004
-0.946819
0.124063
0.533091
0.174723
0.719757
-0.232292
0.216893
-0.119384
-0.356117
0.969006
0.306389
-0.940408
0.481188
-0.0569392
0.942643
0.938285
0.159116
0.992367
0.820248
-0.890544
0.0990325
-0.975808
-0.478682
-0.999105
-0.150276
0.0398488
-0.902575
0.96459
0.973595
-0.998811
0.490788
-0.224082
-0.979967
-0.37265
0.130174
0.661621
0.999518
-0.589774
0.250452
1.00008
-0.745725
0.0523058
0.852553
-0.191468
0.89977
-0.97812
0.950044
0.173941
0.736688
0.993029
0.402197
0.92699
0.753582
-0.922961
0.442621
-0.573041
0.311863
0.916687
-0.487654
0.259289
-0.998735
-0.97548
-0.99959
-0.347784
-0.0577303
-0.19199
-0.482238
-0.680739
-0.53773
0.391836
-0.99315
0.373344
-0.95826
0.743568
0.0876075
0.315578
-0.512967
0.990116
-0.0374921
0.793173
-0.535057
-0.924441
0.16151
0.90737
0.568114
0.980356
0.560574
0.980562
-0.366585
-0.694394
-0.953038
-0.998117
0.42793
-0.783597
-0.0666647
-0.939521
0.636423
0.608827
0.98846
0.766359
0.904358
0.852511
-0.950312
-0.0458014
-0.958107
-0.744897
-0.638838
-0.890673
0.874213
-0.839135
0.405118
0.460907
0.142775
-0.0748469
0.160461
0.99757
0.282005
0.399001
0.315425
0.373694
0.561586
-0.887928
0.807005
-0.471645
-0.305647
-0.785294
-0.983814
0.722394
0.507402
0.876375
-0.290878
-0.121425
0.517269
0.197094
-0.998756
0.894439
0.684245
-0.996367
0.659858
0.957875
0.0865542
-0.127145
0.924817
0.341173
-0.830827
-0.951564
0.963224
-0.992172
-0.156939
-0.779686
1.00004
0.0767785
0.483858
0.988097
-0.810916
0.923257
-0.922225
1.0005
0.951036
-0.72586
0.979782
-0.935643
-0.854525
0.569406
-0.996909
-0.340788
-0.854834
-0.978227
-0.941687
0.320339
0.890547
0.938674
0.921896
-0.934137
0.434877
-0.991571
-0.803037
0.0280666
-0.91519
-0.921868
-0.867814
0.993361
0.333804
0.545119
0.996255
0.805849
-0.998939
0.983928
-0.790761
-0.830508
0.998857
0.917329
0.976381
0.165569
0.432874
-0.999787
0.348271
0.988684
0.677409
0.683017
0.0507585
-0.903359
-0.999514
0.352001
-0.909181
0.156921
0.683921
-0.866764
0.478329
-0.92668
0.681455
0.699626
-0.29977
-0.45056
0.987652
-0.6849
0.0573615
0.246319
0.900104
0.319388
-0.954768
0.127852
0.602432
0.999281
-0.932859
-0.996422
0.487794
0.625763
-0.344156
-0.205925
-0.575143
-0.447695
-0.674794
0.985602
-0.835779
-0.548998
-0.817586
-0.315875
0.384432
-0.376207
-0.46688
-0.829745
0.391925
-0.807566
1.00019
-0.225577
0.0103416
-0.538403
-0.779323
0.729052
-0.393708
0.38917
-0.987438
0.365484
-0.710123
-0.131533
0.572496
-0.399564
0.767719
-0.697144
-0.951999
-0.552458
0.678168
0.676463
0.995508
0.440272
-0.842074
0.103498
0.60454
0.995242
0.920247
-0.676024
-0.235849
-0.49303
-0.998339
-0.601455
-0.922321
-0.40099
0.935523
-0.447241
-0.227963
-0.999868
0.468259
0.757881
-0.147626
-0.99861
0.003753
0.583399
-0.667772
-0.424978
0.818762
0.167056
0.972676
-0.683938
0.959341
0.56046
-0.989084
-0.824236
0.8351
0.160643
0.596553
0.751648
0.952407
0.942123
-0.853868
0.125809
-0.301823
-0.999915
-0.979272
-0.130106
-0.163839
0.818759
-0.118043
-0.966811
0.654638
0.996765
-0.583021
0.805779
0.503281
0.716961
0.0783484
0.607712
0.648311
-0.592542
0.856776
-0.236808
-0.0557521
0.334755
-0.395627
0.14689
0.990056
-0.0951146
-0.725271
0.913832
-0.0510686
-0.150663
-0.877574
0.847613
0.861974
0.957254
-0.777022
0.994817
0.871415
-0.430645
-0.961263
0.216888
-0.607226
0.246478
-0.963147
-0.0583021
0.234421
0.973
0.112751
-0.849437
-0.985789
-0.0928153
-0.997604
-0.813869
0.887938
0.059829
-0.449074
0.890657
0.897737
-0.999957
0.198189
0.34711
-0.376249
-0.844577
0.996467
0.174153
0.184928
0.966137
0.981661
0.835828
-0.995004
-0.992607
0.966384
0.0264166
0.159756
0.557682
0.553318
0.000923122
-0.141492
-0.303995
-0.151556
-0.97425
-0.612017
-0.65929
0.0235729
-0.309972
-1.0005
0.805842
0.876252
0.636392
-0.992168
0.301213
0.957055
0.240524
-0.0615401
-0.26424
-0.584989
0.0278553
-0.876289
-0.304215
0.895713
0.214977
-0.773399
-0.712183
0.843605
0.177555
0.0536746
-0.01905
0.769217
0.389459
-0.103273
-0.0111202
0.830398
0.995241
-0.456963
-0.969855
-0.696147
0.340923
0.792278
-0.999626
-0.593242
-0.0357205
0.569503
-0.994339
0.21784
-0.965197
-0.888664
0.476805
0.0582874
-0.362754
0.992627
-0.849607
-0.434047
0.645007
0.818301
0.404083
-0.19647
-0.185595
