0.183375
1.55688
0.359184
0.301784
3.98123
3.48806
5.58352
5.38791
3.50601
5.61148
5.49694
2.46477
1.49489
1.48353
2.41679
5.57043
1.78962
5.14446
1.71296
5.99434
3.0252
4.59679
3.10882
0.785785
4.07262
1.904
3.13559
6.17979
0.0736502
5.94794
0.975976
1.29595
3.53406
5.77445
3.30355
3.88438
1.95566
1.01898
3.66177
4.2958
6.05171
3.04982
1.4679
3.63134
0.708657
0.000363612
4.3004
1.3162
0.716999
3.38765
5.71034
3.90044
3.67686
4.99137
1.45684
0.671587
1.07784
0.0188252
3.03858
5.85395
5.22722
4.5541
2.86686
4.15614
5.38934
4.66528
0.179518
4.29053
3.24832
2.25029
3.74009
2.25072
3.54788
4.2216
1.45379
5.42308
4.68704
0.181131
6.02222
0.549417
5.1118
0.349958
4.92894
3.57898
5.34037
2.08005
6.09822
3.84205
5.03404
5.99398
3.9692
2.61058
0.00940512
0.541364
0.783478
6.07748
6.20655
0.503809
0.963068
1.45704
5.28932
0.805483
3.15009
2.72
1.74178
2.67314
4.80279
6.26508
0.450083
4.7654
1.74286
0.605891
4.97321
3.96802
3.43912
0.401418
3.48796
2.88323
0.886958
3.46883
4.4529
1.53384
3.2004
6.16585
6.0714
2.77891
4.78208
5.44378
1.75271
3.25782
1.99209
5.08576
4.17122
4.05034
1.74955
2.89345
2.0295
4.26645
5.50152
6.12441
5.35085
4.1355
0.818157
4.35302
1.23786
3.5486
0.976008
1.57668
6.28189
2.41675
1.3603
4.11054
1.38209
0.799423
0.0507377
2.23386
5.01571
2.8999
2.60507
4.48587
6.12624
0.901388
2.13903
5.74802
1.24851
3.12088
5.36455
2.761
5.06413
0.589715
1.91797
0.939115
6.10091
5.43321
4.26076
4.20619
2.41124
0.290749
2.72899
0.0731198
2.0307
3.96213
3.69481
1.57632
1.66396
0.673048
1.47634
5.24527
0.676717
3.2193
4.45706
4.94075
1.21328
0.143377
3.0392
5.11855
2.17994
2.65343
2.43197
2.95609
4.5685
3.375
4.66984
4.68898
2.58348
1.27267
4.69027
2.71564
3.31561
2.74773
2.03619
0.0487223
3.653
4.77323
2.47341
4.23298
4.78786
4.78275
4.39204
0.286711
2.57825
2.26221
3.61224
3.68096
1.35028
4.86952
5.00257
5.12076
3.93838
5.30264
5.22681
5.51298
0.328973
2.36945
5.96215
0.404491
2.69448
0.807976
3.94457
3.10678
2.42567
4.71196
4.82933
0.822423
4.45751
3.20934
5.06982
4.73812
4.5002
4.28377
3.45441
4.57273
2.97466
0.951027
2.64886
3.29328
4.29379
4.54998
1.6839
5.00783
0.939293
0.885785
4.3041
4.87491
4.19989
0.881352
2.429
1.46495
1.2805
4.13389
3.55831
4.02055
3.70928
2.74811
4.98712
4.20655
3.31847
4.93396
3.81242
1.72673
5.60714
1.63213
5.85417
3.9914
0.591629
6.14796
3.22382
4.84009
6.26086
2.61506
6.07452
0.155082
5.88278
2.72305
3.44269
3.77339
6.20266
0.656904
5.47446
4.03716
5.30307
1.45055
4.19777
3.29367
5.28978
2.93033
6.16663
1.92029
0.889525
3.04796
1.38606
4.48475
4.69624
2.20065
5.37343
0.419073
0.433269
4.50699
6.20387
5.82761
2.55832
5.2291
5.42555
1.5996
5.17942
1.03087
2.28921
0.290214
3.56241
5.59878
3.11452
2.04227
2.8636
0.276917
2.44679
3.37598
3.90752
1.10522
1.11696
3.97626
3.52994
3.75539
4.12926
2.76425
5.37382
0.0779836
2.60173
2.75197
4.24708
0.819997
4.84426
4.7089
3.77354
2.01464
6.07274
5.50669
2.62726
1.29689
2.75526
4.83313
5.59422
3.8758
0.477247
0.919257
2.74369
3.35728
4.08704
2.89406
4.87861
3.48889
6.09418
3.59424
1.4372
0.33726
0.79158
5.57506
3.31574
3.21526
3.69792
0.0518666
2.91197
4.25189
1.03494
5.46222
5.21799
2.72573
3.9348
3.54507
5.11431
0.150949
1.52004
1.82155
5.72618
3.73419
3.45277
5.93572
6.11164
3.45151
5.21946
5.48103
3.82311
0.0808649
3.33741
4.89746
1.54916
2.64894
4.30001
5.20197
4.56952
4.52071
2.89918
1.46757
4.95685
0.126727
2.0509
4.0587
3.45282
3.86701
2.24183
2.04214
5.86871
5.91522
0.374834
2.46628
2.55707
4.15032
5.20624
0.356476
3.69878
6.03489
3.82627
3.78897
5.06302
0.94126
5.49046
1.96881
3.76228
0.112462
5.93198
6.15877
0.328146
3.0537
1.24575
0.114364
0.549724
3.70334
1.2431
5.48418
1.71582
5.34872
0.702891
2.85313
0.134369
1.77793
3.58112
2.42059
1.90888
2.53047
3.90846
1.09303
3.39413
2.42979
5.77359
4.8073
2.4136
2.0732
5.56479
4.3035
5.78178
1.50453
1.39574
1.71949
4.22737
2.16715
0.682083
3.03568
4.84709
1.82492
4.53781
4.25633
2.54939
1.56796
4.30201
5.18135
2.77158
1.44247
0.404421
4.98808
3.27061
0.0969185
5.81639
0.429173
3.23754
4.5324
2.32044
0.356167
4.36337
0.0695912
4.97518
1.55737
1.05596
1.89377
4.7225
5.19976
5.05027
5.36459
2.69914
2.53606
4.89009
0.106
5.19162
0.0587869
4.65796
3.93363
1.65357
5.91542
5.42685
2.21133
3.66632
1.1905
2.05389
4.03715
1.18
4.40061
2.96716
4.76606
3.35639
5.91563
4.04733
2.34838
3.00539
4.04516
4.74083
5.43672
6.14907
1.63941
2.72119
4.60262
3.57866
2.09636
1.44011
0.0276881
2.76597
1.65074
1.05071
6.17382
6.16955
2.71227
6.09776
1.51733
5.42609
1.2598
5.01613
1.6244
0.333726
5.09595
6.17966
1.23385
5.30149
0.0488468
2.59419
5.23493
3.19891
0.794899
4.52034
4.76261
0.682678
0.525585
5.21274
3.4772
4.69752
4.85706
2.01125
0.598995
4.98809
4.53009
2.63777
6.11141
1.26137
4.69968
1.01188
2.11749
1.49677
3.58259
5.83014
3.50512
2.07372
1.003
3.83724
4.52852
2.85748
5.66896
0.239002
4.75936
2.30215
4.339
3.53646
1.77391
1.3479
3.43808
0.206009
5.29072
2.77433
4.65554
4.11236
4.96322
4.68177
5.24463
5.59894
4.18901
0.431385
6.05105
4.32187
0.783499
4.71655
1.46155
1.59855
2.24137
0.466738
5.31432
5.55598
5.46973
2.73326
3.66096
3.92579
0.751648
0.118709
2.97046
4.48246
5.27962
2.29501
4.14388
3.59729
3.02557
1.41557
0.352727
3.79177
4.67727
5.97551
3.22163
2.29818
2.38427
0.23714
4.457
1.3928
3.20093
4.42427
4.11549
1.18511
6.10712
2.81906
0.586728
2.56369
5.13019
5.23051
0.599782
3.89125
1.29542
2.34086
1.60997
0.503551
3.34586
2.72981
5.29076
0.514926
1.82762
0.430762
3.91196
3.37401
5.94526
5.05191
1.55662
1.2498
5.01416
1.9658
2.03555
1.29273
4.7418
3.72819
0.483945
0.481532
5.26705
2.92808
5.11019
0.699826
1.12472
5.38585
2.91949
1.92164
4.51378
5.75057
1.25811
0.130644
1.27149
2.776
1.71019
3.79595
3.81615
4.18037
4.37662
0.419322
3.62443
6.17329
1.59627
0.720179
2.49335
3.34556
2.26543
1.7594
6.18991
4.56033
4.73231
1.94935
1.80924
1.96368
6.16904
2.65953
1.3786
1.23438
0.262412
3.21787
4.59231
3.6797
5.71371
3.96289
4.24251
6.12485
5.12799
5.82411
0.411842
2.44552
0.0276919
2.39913
4.20385
5.02401
4.81421
1.25695
0.868372
4.70115
0.823429
0.318847
6.11143
3.17203
6.27456
0.352968
5.54627
3.81931
1.4648
1.9163
4.56607
1.209
5.57845
3.20941
5.546
4.2541
6.09472
3.10715
2.19558
4.94086
2.42059
3.29159
1.63104
0.367246
4.0387
1.57782
1.18373
3.21783
2.22357
0.77482
5.10679
1.27874
3.89103
0.509173
2.27554
0.541696
6.21257
4.91033
3.63124
1.15018
5.7043
5.48311
0.157619
2.16414
0.470966
1.8621
4.14577
4.55244
2.47989
6.08048
0.100896
4.04495
5.10199
0.826937
3.39887
1.1309
2.91985
5.57086
0.258995
6.13627
0.231312
2.7568
4.93346
3.21802
2.76001
2.84422
2.04859
3.6424
5.39287
3.76471
4.78527
5.08316
3.42123
1.74268
0.788445
1.97329
1.32804
1.57297
4.24064
1.3277
4.15172
1.6914
4.97934
6.18584
0.771204
3.55852
2.38396
0.949104
1.07283
5.52851
4.66805
2.41764
0.696021
5.65116
5.26968
4.29141
4.55332
2.70074
4.44986
4.17386
3.28722
5.17374
5.80802
0.429142
0.550025
2.38291
2.49834
1.043
3.86259
5.40569
3.25598
0.320577
4.71449
0.342429
2.40599
0.228683
3.51287
4.2677
2.20785
5.89148
4.67786
1.65467
1.59788
4.3273
1.57624
6.16494
3.56006
1.96632
0.585095
1.89196
6.07183
0.452429
4.59339
3.98169
0.62964
1.90346
0.929556
5.31447
3.03649
1.74245
4.79539
4.32
1.63639
3.46005
1.77205
0.0211951
4.0362
6.11706
5.14822
1.64059
2.44075
1.22256
1.24953
3.33679
2.24148
6.07742
4.50268
0.459583
0.10745
2.90164
3.47929
5.10605
4.13401
3.43121
0.0487002
5.31036
2.34851
0.497635
3.13568
5.08647
5.59069
5.42927
4.0416
5.32355
4.33571
3.22107
1.52274
5.73135
1.16991
2.40973
5.26669
1.67785
2.49874
5.1541
4.05449
3.74908
1.80604
2.77586
4.14393
0.917376
1.35998
3.84467
5.76851
1.32347
0.992188
4.44824
3.0843
3.62582
0.0204624
2.09591
4.56821
0.21666
2.05095
1.05611
4.09504
3.03105
0.297835
1.36841
0.611552
3.10504
0.233738
1.6072
3.38531
4.44638
0.0155712
3.38985
1.85665
1.5387
4.79061
1.13611
1.53476
4.94633
2.67971
0.192533
2.43852
1.48932
1.6887
4.92603
3.90921
0.782306
3.77798
2.14715
5.894
0.0568873
2.8601
1.88107
1.08607
4.37235
2.80147
0.689202
0.66312
0.0101095
1.07151
0.237974
5.84765
2.50077
4.09085
3.38668
6.05313
0.929599
0.716272
2.00659
0.910998
3.27456
3.43294
3.83966
5.38615
5.83667
5.29394
1.32441
0.361751
6.15891
1.27936
5.35255
3.28272
1.95369
1.9958
1.20728
6.06598
1.13454
1.99473
3.91722
1.10416
2.44777
5.55659
1.99409
1.31243
4.63755
1.3735
3.7489
4.97111
1.99911
5.18913
5.83969
0.235449
1.98969
5.30137
0.37499
1.26279
2.2608
3.33199
0.355522
1.57191
1.59174
3.52988
5.38838
2.00516
1.24503
5.53782
2.14822
6.02235
4.25784
1.74747
4.99387
1.80935
3.04375
1.77333
5.873
4.71769
3.65836
4.69226
4.30477
1.09785
4.516
2.87861
2.72144
1.10463
0.856445
6.03839
0.099087
5.99902
5.78927
2.4466
1.95597
4.69649
2.88135
4.74847
4.68645
0.487163
3.59242
6.19066
1.11623
1.43211
4.2065
0.319935
2.90285
1.90725
1.53675
5.61114
2.1107
0.155507
4.16463
1.99493
4.9914
2.09089
3.01576
4.48994
1.52365
3.56381
0.783686
2.41419
3.26503
0.767357
5.23569
1.40504
1.93623
4.27196
0.153753
1.84727
5.90779
4.13884
3.21769
2.02223
2.15136
5.60649
3.70464
2.96662
1.23785
5.28735
2.54414
0.623051
4.23992
2.67275
2.08706
2.13791
5.05189
1.71146
0.487679
4.87981
4.84157
1.01851
1.76627
1.75026
2.57174
0.38631
3.67064
6.14069
1.39965
0.53811
5.53641
2.97889
4.24362
0.547647
4.82889
1.24262
0.173138
5.18874
1.51398
0.865237
4.34738
6.00721
2.82138
3.90715
4.27808
3.80833
5.99921
3.14101
4.24161
4.32696
0.222425
0.695214
0.97968
5.94549
1.27165
1.55104
1.40911
5.75335
1.12206
1.77268
3.04637
1.34114
4.24671
3.94107
4.08375
5.1395
5.79962
0.935543
0.187063
4.80922
3.97672
5.64178
6.16213
4.63381
1.92425
3.73679
5.398
1.36004
3.21527
5.5997
4.78443
0.37332
3.02283
2.6633
0.849543
0.265752
5.25885
0.370455
2.00103
3.21847
2.57561
5.54818
0.780429
4.83482
1.21966
5.77302
2.48574
2.77735
4.87911
1.65737
1.77142
3.74088
2.48051
2.85562
4.60247
4.10199
1.96634
2.03582
4.69199
1.77622
3.39376
3.77621
1.69523
2.95482
2.77664
3.61847
2.85815
3.1279
2.79015
5.2595
0.762688
2.40527
6.18757
2.742
3.52973
2.16547
1.63107
6.16158
0.271851
1.19476
2.87749
1.06764
5.46492
5.65089
1.04743
4.17884
3.94077
5.2452
2.68598
2.67075
1.38939
2.06414
4.7378
4.1757
0.565689
1.76895
0.464081
4.76398
3.70443
2.87756
2.11459
5.62007
0.407563
1.62068
2.90399
2.42492
0.870025
3.95239
0.36581
3.65385
3.81377
1.34967
2.77547
3.80212
1.54851
1.76581
0.645386
4.45745
2.59707
0.61367
3.96449
3.54748
1.81365
0.825876
4.91748
4.23833
3.40999
2.55399
2.77424
1.42895
1.08805
0.121699
5.02951
1.79372
4.62088
4.91672
5.3712
2.62504
5.99136
1.53971
4.17094
6.25027
1.63838
2.31227
0.200161
5.07109
4.57745
1.21057
5.95762
2.15963
1.52608
2.35028
5.63418
3.46786
4.51377
5.68514
4.29112
5.12953
2.0617
4.66804
5.70016
4.27065
3.49611
2.61887
1.69923
3.78923
4.87319
4.21243
2.47021
1.6533
5.8484
5.61983
4.99398
3.36813
0.18656
6.05435
4.01694
1.03111
1.66564
5.11863
4.54669
4.7263
3.25122
1.68383
5.04185
3.22639
4.50001
1.54055
5.30282
0.705484
5.65945
2.7797
5.07711
1.19616
2.69662
3.46617
3.15986
3.88553
1.37074
2.90073
3.16896
0.899132
0.467978
5.13878
3.29931
6.20036
1.23373
2.8515
2.86655
0.587119
0.210243
3.08803
4.49287
1.27217
1.22196
2.00814
3.96899
0.552943
0.151337
1.50097
4.60367
0.00819318
4.29844
5.37528
0.0811267
1.79076
1.64092
0.669527
4.00274
4.96027
1.60219
0.315935
5.95601
2.97735
0.329275
4.22837
1.51057
3.49607
6.17598
2.90859
2.44281
1.98821
3.84819
2.47368
6.07345
4.25174
3.61399
5.93851
4.3062
1.28351
1.43375
5.14128
4.63727
0.615281
2.83118
1.90449
1.48086
5.48964
5.22137
2.50012
4.62764
5.36197
3.47173
5.93493
5.51669
3.198
2.31113
3.96453
1.45793
3.26474
3.01695
5.23569
1.5016
4.19723
1.21805
2.2041
5.55312
1.692
1.89473
5.75883
6.19774
3.31566
5.39101
2.28369
3.63164
5.58862
4.78554
0.0342908
4.91316
3.78039
4.45288
3.51384
4.85857
2.24608
5.55467
3.08818
5.8977
4.10511
0.516998
3.71735
0.246236
0.600953
5.61999
5.30688
4.13236
1.79687
3.8635
0.532703
3.12478
0.577811
1.51219
1.25279
4.95671
0.511338
4.94409
1.04395
2.12482
0.967943
1.1986
1.9185
1.07368
6.06321
4.14889
0.248085
1.01021
4.08813
4.07929
6.27219
1.45215
1.13995
5.63836
5.61748
3.71102
0.136791
6.17834
4.27023
1.71023
3.89154
4.52343
4.27793
0.0734275
6.05841
4.4737
1.20513
1.4329
0.21605
2.78601
4.46417
1.43273
5.30497
0.282778
1.96316
0.987164
4.86291
1.85089
6.22337
2.57027
4.22364
2.59677
3.69635
5.72747
4.08174
1.5669
0.649433
5.81993
0.254069
3.04802
4.85656
1.88218
0.346118
5.98312
5.61301
2.76332
6.12687
0.37955
3.28031
4.1123
3.20751
4.24664
2.66104
2.62663
1.83543
2.88299
2.42499
3.88088
3.94412
5.54747
2.2788
5.36768
3.48858
0.528971
5.90288
2.8704
5.68004
5.48457
5.62997
5.67319
1.44522
4.14996
0.105883
3.70705
1.49041
4.21514
1.61483
5.97722
4.10546
0.323496
0.283002
4.51605
6.14397
4.19979
5.1043
2.32859
3.69019
1.07674
4.72728
4.98557
2.40286
4.0289
4.34777
3.69692
3.09989
0.238302
5.33174
1.1023
4.69487
6.16567
0.165156
0.454362
0.844901
2.182
5.38572
3.62079
1.40583
0.112031
0.446753
5.25917
1.16414
3.65036
6.04554
3.04718
5.97748
4.07699
0.833189
2.87049
1.60758
4.34659
3.07001
0.638813
2.87676
1.11992
1.30102
3.49612
0.853899
1.57408
4.89612
5.29513
6.08078
3.71588
0.612169
0.351884
4.0823
4.33634
2.59247
1.45976
2.20768
5.18181
0.554724
5.52286
5.01581
3.79412
0.115544
2.29859
3.37143
3.63656
2.52021
2.69253
2.35631
1.99247
3.79392
5.45445
4.96509
1.99355
2.62845
0.586499
3.68334
3.32505
0.682859
0.813804
2.49809
5.54025
2.66393
3.24069
1.27369
4.6778
4.98443
5.73482
0.727434
4.88746
4.1917
4.7766
1.04403
0.0325031
3.20831
1.61941
2.24892
6.12446
1.2009
1.36371
2.77507
1.89334
0.727837
4.57011
3.67964
3.83304
1.81426
0.0572354
1.1514
5.95891
2.71141
3.49764
3.07981
4.45683
0.786143
0.3289
5.12584
4.63744
2.45436
3.79366
2.32887
1.8612
5.02658
6.25614
4.85237
1.93485
1.65473
4.22802
3.42971
1.13722
1.99591
6.25521
2.86531
4.30457
5.05746
3.50433
3.11748
0.444058
4.72255
6.03006
5.38012
4.3184
5.85292
3.12951
4.1954
4.04525
5.38271
3.63265
0.831796
0.945797
6.19841
1.44069
5.73916
5.45347
0.114751
4.47825
4.98035
3.93566
5.60434
3.99322
5.7314
1.81059
1.08951
3.94501
5.53908
2.18833
5.16024
4.47307
0.412826
5.07939
2.45892
1.85093
4.39859
4.97558
2.93753
2.77986
3.75221
0.101413
4.631
3.02599
1.67382
1.49381
1.69484
5.58428
2.64381
3.89176
5.90337
6.0662
4.71547
5.62096
6.26999
4.7862
0.738951
3.87811
3.78028
2.52453
2.07092
4.63589
4.47831
0.972164
5.49024
0.879246
6.08522
3.67116
1.03533
5.30261
5.79699
6.17665
4.44148
1.35675
4.54849
0.883087
4.0053
0.282299
0.64014
3.73458
0.225298
3.37007
1.18501
1.43891
5.46492
1.78175
5.8788
4.62447
3.8851
1.8406
1.90682
4.47031
1.00522
2.47474
4.09239
1.27974
1.29734
3.26171
3.86011
4.65422
1.40172
5.17798
1.34771
4.56936
5.78483
1.47316
4.3814
6.24506
0.775251
0.293572
3.54332
5.19864
4.76607
5.30899
4.30109
5.79488
3.20049
4.89877
3.04234
5.86443
4.44131
1.28811
3.2017
1.99966
5.33992
0.341265
4.27609
3.12528
3.77
1.32436
1.9388
4.44867
4.45445
6.27281
3.06602
3.52862
2.95783
4.19323
1.42126
0.460736
0.618587
4.15648
1.24726
5.8742
3.66782
2.72936
5.53364
5.27673
4.58298
0.552386
4.70967
3.24633
2.65459
3.48922
0.426491
1.4654
0.268932
3.59826
2.93596
5.9285
2.87109
0.362099
1.12785
5.58282
1.81486
6.12891
4.12812
4.85224
0.128864
4.55937
2.56635
6.27472
1.45331
0.937542
2.89574
1.30108
2.06937
2.06394
0.322151
2.00202
5.71675
2.18624
1.32749
0.123656
4.5848
0.90382
4.05728
3.67901
0.891617
3.11542
5.98587
1.14029
0.586605
5.52781
4.77447
6.28246
4.23264
2.43717
4.32829
0.717548
4.13163
2.21845
3.72402
0.693506
0.528911
0.860172
3.69906
4.54305
5.85724
0.522114
4.73228
4.97643
5.59372
4.20177
0.0700098
4.33886
5.96549
5.49731
3.88639
5.28461
2.64421
4.75957
5.99679
0.0940485
3.46577
1.62005
2.78162
0.147624
1.30887
5.81331
4.69926
3.94978
3.96892
4.91405
0.943573
1.82024
5.91197
3.03399
0.632252
0.66365
3.52398
0.0655569
4.66019
4.20464
5.60014
2.59711
1.25428
2.09511
3.94015
2.08131
5.29122
2.69425
1.39382
3.07443
1.56496
6.11321
3.09193
0.656273
3.99923
4.24205
5.67153
1.73428
3.92642
1.16482
3.98405
1.04693
4.44584
3.11618
3.83353
1.32917
1.39166
1.70624
3.71552
2.47936
5.08311
5.39161
3.75548
2.48477
3.66562
3.0031
5.5625
3.21639
3.02936
0.668786
2.74103
6.12303
5.69104
2.27148
3.12835
6.27255
4.55305
0.591988
5.42629
0.369126
1.1972
1.20852
0.29863
4.11157
0.878735
1.69504
1.00641
1.52389
1.83894
2.32134
4.14424
2.4705
6.04803
2.83139
5.56054
0.681645
4.62588
0.348509
1.08014
0.560826
1.00885
5.05018
1.68268
1.35673
3.28131
1.94525
6.15835
1.82963
5.4558
3.91165
0.170591
5.45767
6.00536
0.770028
4.16487
1.0317
4.75755
2.7177
3.07178
5.82426
0.44857
2.63032
5.13495
4.80843
3.78819
4.00267
3.19527
5.23947
4.73135
2.796
3.06624
3.81046
0.923186
3.87644
0.565804
1.72823
6.2222
3.82813
3.54456
5.57877
2.85961
1.10844
3.45043
4.51848
3.65715
2.35414
3.79184
2.37663
0.431482
6.19248
2.91136
4.40623
1.80792
2.4042
3.01511
4.72433
2.7309
6.18299
4.49468
5.92919
1.79538
1.80073
1.31013
3.008
4.95249
0.139377
2.25792
4.87986
4.52393
5.50053
1.01639
0.759581
2.05816
4.63057
3.11257
1.03974
5.89443
6.22098
4.89033
0.30956
5.64204
2.97112
0.336442
3.92593
4.34188
3.77182
4.91615
0.0801062
1.23475
6.23892
4.8701
0.613416
3.89869
4.72058
5.23307
3.81016
4.09227
0.736901
5.49457
1.32409
0.155635
0.0791268
6.10723
0.0429727
1.63166
5.14808
0.489361
1.92753
5.60839
4.77258
3.81905
6.04114
3.36511
1.00386
4.99014
1.76019
3.38219
2.76475
1.94895
2.94234
2.99807
3.33956
5.3946
4.38434
0.290444
0.830652
1.68069
3.56486
1.8479
3.21671
2.78856
2.9241
4.4547
2.81944
6.2115
2.81473
1.17864
3.47118
2.59588
0.165981
5.77834
2.74149
1.05219
3.5325
0.0906049
5.43747
1.03502
5.04881
5.32356
0.0612565
2.06897
1.30383
0.779785
2.73656
5.51684
3.96467
1.48125
3.20075
2.66249
1.70194
0.102159
4.97537
2.53718
5.07149
5.32224
3.63489
0.0189404
4.78212
3.18222
1.16512
0.663831
0.401943
0.206868
1.83915
6.23472
1.99271
3.04569
1.70914
0.267659
6.27876
5.77135
0.298691
1.29628
4.93399
3.50533
3.897
0.792484
2.93234
4.2225
1.54097
3.45507
0.309396
4.83136
4.03359
4.34275
5.33561
4.68186
0.101258
0.378314
2.14994
3.03033
5.21475
1.28156
0.507151
1.50214
3.47807
5.03765
1.106
3.5717
5.83661
1.51871
4.74819
1.64744
2.89234
5.84084
0.871582
0.0295508
1.27566
5.78185
3.04291
5.35116
0.311402
4.63496
5.38806
3.70394
1.36066
5.13394
4.5774
3.7044
0.075403
6.1839
5.10653
5.84824
2.80925
3.80068
5.49407
2.46061
3.54605
3.19267
5.24783
0.345872
4.65055
3.15806
2.77371
2.18545
3.08271
5.54525
4.24511
1.45027
3.68574
0.776439
1.36864
0.217215
3.9427
1.16515
3.79978
3.48881
0.222396
3.64104
0.266012
3.55135
5.84038
0.875454
4.98081
4.32971
4.49331
2.16883
2.78791
2.62748
5.75768
0.557501
2.80781
1.25794
2.08749
1.48222
4.59295
2.04599
2.29485
3.4786
5.92037
1.53781
1.41538
1.09288
5.4964
5.22352
0.832975
5.06811
5.06199
2.71254
3.53123
2.75956
5.7738
1.54098
5.67813
4.16746
6.12905
0.96184
2.65594
1.46214
5.69502
4.26717
2.11136
3.5487
6.14776
3.40992
4.78479
6.00914
6.06351
5.84823
0.892607
4.34031
1.92166
2.90635
0.720455
4.11171
2.05488
3.55922
2.75253
6.21036
0.373643
5.01383
1.03401
1.17503
2.40488
2.56748
4.13836
5.82921
1.02251
2.037
4.2366
0.477524
3.42592
3.12316
4.747
5.89932
6.13895
6.03983
1.36608
1.08949
5.16466
0.500698
4.3913
1.4944
2.97904
4.16528
4.49909
5.76582
2.7488
0.347238
5.71952
4.28197
3.68962
5.31194
3.70058
0.499457
4.22575
3.02323
1.58797
3.7006
2.1427
5.73904
0.341933
3.83028
5.77008
0.276085
4.18523
5.87044
4.46569
2.57919
1.40932
3.65276
0.021299
2.94925
5.73133
2.31734
0.782329
3.63868
3.14525
0.29931
2.72724
4.99984
6.09789
1.74258
3.196
5.36976
4.57507
4.34913
2.5397
3.13732
4.05836
6.26488
0.373809
3.40227
4.04645
0.849605
0.4114
4.26742
4.1066
2.38683
0.540116
5.09649
4.70654
5.01484
3.4676
5.83197
2.96624
0.921863
1.57171
0.500651
0.435283
1.27048
1.82805
3.35175
3.57193
2.48805
1.96933
2.10693
2.58494
1.3941
6.25936
4.49004
6.17226
0.747863
0.341531
4.79714
4.91784
3.08539
0.597798
1.94056
3.58135
6.08212
6.03579
5.15905
2.65979
1.20661
3.78047
2.75403
4.23263
5.99001
3.24876
5.99446
1.97062
1.96953
2.44338
5.2087
5.25975
0.54455
3.06593
3.07589
6.01195
4.6509
3.86809
3.71159
0.0359574
4.95197
0.956659
0.605372
5.65245
3.52663
4.11514
5.94578
2.92827
1.52965
2.42173
2.08214
4.04307
1.4391
2.16212
0.321829
4.65066
3.49896
1.52401
1.16583
1.56557
2.17332
6.25383
4.90287
4.86565
4.59867
5.89879
3.3368
1.70082
6.05209
2.63752
1.57951
5.86414
4.08099
3.14701
3.47468
0.18615
5.37191
2.92386
4.71548
2.10725
4.85183
4.39211
3.39112
4.48007
4.30729
4.41744
0.478103
3.33494
5.10672
5.58273
5.18953
2.5685
2.34753
4.66242
0.788161
5.86323
2.12933
0.133048
4.35054
6.24992
5.26662
4.91819
0.978616
4.9534
5.58396
1.98955
0.538568
4.35589
0.839852
4.47573
2.71889
2.14666
2.89409
5.24216
0.569009
2.47046
0.305458
3.62677
0.649466
3.14704
2.02601
0.424781
1.38122
3.73068
4.06985
3.0662
0.270522
3.74241
0.79452
6.05226
4.26968
4.94784
4.90661
0.16261
5.06177
0.77662
2.66409
2.822
0.231937
0.058589
3.35564
0.307323
3.49361
5.18251
1.66186
5.10472
5.04664
6.25083
2.84425
2.82294
2.84464
3.05517
2.99954
5.4408
3.17593
3.95273
5.83344
0.189082
4.28283
6.24553
2.94319
3.04194
3.09643
4.60665
4.74249
2.73354
2.11309
1.45148
4.03235
6.14076
2.83096
5.50316
1.54284
5.06998
3.07209
5.17904
1.1301
0.603176
4.43949
5.75082
4.42017
5.05894
6.14035
3.38405
6.24519
4.78118
3.00508
5.35982
4.32177
0.499635
1.01022
3.9778
2.15151
1.36469
1.51363
1.10271
4.40462
0.955701
6.10886
0.206246
3.2493
4.31667
3.22619
4.53147
1.37383
3.94739
5.40391
2.05008
4.93442
1.44686
0.4711
5.99702
2.91769
6.22349
5.8785
1.36945
1.12336
5.21294
5.58133
0.565132
4.37587
3.97598
0.819791
1.27233
3.57161
3.79072
4.12493
5.68269
6.06002
2.13527
2.6248
0.318487
2.8108
5.8361
5.69498
1.77555
4.90133
0.896628
0.366482
1.23754
0.758805
0.471423
6.14955
5.4364
4.31799
4.26155
5.74658
0.532735
0.677541
0.905018
4.38947
4.20737
4.15891
2.32002
0.944705
2.85349
5.71765
2.2186
4.16929
3.87518
3.10267
6.14118
3.90167
0.147646
3.88146
2.6298
6.19237
0.657733
5.69333
1.80863
1.35803
5.59719
3.69349
2.28933
1.26524
6.2637
3.84914
4.96339
0.968539
1.37453
4.11666
1.81813
2.69816
2.39748
5.12415
2.87436
3.97838
3.80475
2.0836
5.2252
6.03379
4.55568
0.454145
1.12433
4.45875
4.33757
1.0616
0.951725
5.65977
0.443197
6.11246
0.214805
1.32108
2.51265
1.64623
3.73878
1.79793
3.46935
5.17742
3.89246
0.504306
5.18467
0.662153
2.17833
2.73122
3.78079
2.03829
0.213325
4.78322
1.80974
2.64697
0.553134
5.01132
2.32398
3.31892
6.06223
0.391982
6.08661
2.32924
3.74827
6.03167
1.76824
5.87467
5.27701
3.53214
0.1186
0.547239
0.568716
1.49625
5.29396
2.49395
4.65071
0.176588
3.68145
2.63154
5.98898
2.67995
1.41415
0.732777
1.27412
2.51154
0.233429
2.43714
4.50424
2.12062
1.01798
0.10241
4.73978
1.38548
5.01717
0.869603
0.766869
2.81481
0.13241
5.32497
3.83978
3.86726
0.0920504
3.4327
2.16652
0.177857
0.066773
4.50066
4.35799
0.495957
2.83322
5.03969
5.72013
2.71605
1.89822
4.63906
5.19563
2.43482
4.05695
3.19916
3.93179
1.21622
5.87574
3.09268
1.01885
4.81986
2.02037
3.09128
2.45421
0.686573
4.08763
2.11049
4.46769
0.222153
4.66084
4.03956
6.22423
2.18509
0.290703
3.82356
5.90299
0.33836
1.41711
4.40179
5.99581
5.92171
1.91531
3.70199
6.22626
0.970663
4.91433
4.10537
2.43322
1.72501
2.85956
2.91306
0.561311
3.36037
2.02222
0.62135
4.93847
2.98603
4.07741
0.0185267
5.85466
1.11807
2.07347
3.05171
3.17034
0.168195
1.82843
2.93475
0.435119
1.9939
0.799754
3.96955
4.69975
5.68437
5.72659
3.59884
3.73511
5.21649
2.91719
1.65863
4.29813
4.90326
1.14514
3.75139
4.77661
2.59157
2.06992
3.18
2.14529
4.22611
2.79874
1.02035
1.67956
2.71052
2.13586
6.1492
2.45177
3.139
0.725864
3.8536
5.27726
1.96357
3.05891
3.42979
5.93925
4.77743
4.00539
1.0728
6.08157
0.0676152
4.71788
5.50273
2.05694
3.96553
3.85974
3.42998
3.0606
4.27667
0.860115
0.826886
2.52308
5.85154
2.51379
6.13061
5.82229
5.76516
4.48967
1.01259
1.97346
3.63766
0.890307
1.9417
5.32234
5.06769
2.54336
0.966595
3.09961
5.46127
4.74559
0.952669
2.83518
5.6922
4.08358
5.40427
1.09476
3.93021
1.44865
2.15773
3.18052
4.81547
6.17012
6.10763
3.05212
5.07248
4.26781
2.63877
0.0302947
2.83337
5.7763
0.240009
3.12662
5.68998
4.26739
3.30715
4.41907
0.0498634
2.05623
4.78912
5.82514
2.41787
2.53999
4.86089
0.787449
4.62683
6.26917
4.23604
1.51627
5.39857
0.149462
5.04253
0.309978
0.449788
3.2021
4.08107
2.62429
0.806881
6.21189
3.56755
2.97524
5.43251
1.99492
0.187137
6.10754
4.03817
0.405158
0.397825
4.14172
0.86946
2.64399
0.354525
2.58288
0.826218
4.67329
3.44278
5.90855
3.43325
4.81053
1.6021
2.66889
6.27362
1.55947
2.80177
5.29326
2.34176
5.893
6.03415
2.66838
1.06014
5.03623
3.46158
5.08858
3.86562
3.63403
5.10253
0.60159
2.23057
0.492879
1.9069
3.37986
1.18729
5.35805
1.86925
0.536102
0.695536
2.80439
4.1231
2.87209
5.92774
0.517215
5.07351
3.67762
0.244646
5.64502
1.75632
0.36471
2.24251
5.12434
5.78611
0.782991
2.71109
0.802914
4.30541
0.748788
5.28917
1.66049
3.23801
0.367322
4.45547
4.44138
2.80577
0.893285
2.79757
0.878016
5.29865
0.499519
5.99977
1.24054
0.38686
4.08509
0.356434
1.51365
3.70894
3.7924
1.2434
3.73045
1.88181
4.29688
0.514605
5.59203
5.16691
5.98073
3.6286
2.11801
2.88913
3.35217
4.86586
4.10223
1.63503
3.35618
0.277047
6.2318
4.53077
3.99189
1.60949
1.32299
2.64468
5.69186
0.307414
2.59762
4.50359
2.30899
4.9121
1.89964
0.289724
1.53274
1.54293
0.485872
1.18281
2.43747
3.59906
1.09561
2.7
5.61157
0.367216
2.71162
3.9385
0.415516
2.28022
4.0215
0.77928
3.08443
2.14608
2.50431
4.20447
2.50976
4.31919
4.64637
4.13476
5.10732
0.836379
3.52478
1.11011
1.10149
3.04997
2.05406
2.90385
5.4333
2.07358
5.77467
5.12548
1.55884
5.41783
6.04355
4.85474
3.54741
3.99976
3.86214
5.53478
3.66295
4.3906
1.50439
2.82739
3.10192
1.011
5.10476
4.38669
3.20765
5.11879
1.9282
5.71357
0.47178
5.21728
3.30318
4.86555
0.303983
6.1184
0.759748
5.43152
2.8096
0.213528
3.70894
1.16081
1.43168
5.20959
5.60379
1.90731
3.88081
3.90276
1.90634
5.77769
6.27851
1.66178
3.32352
0.677625
1.75625
4.11828
5.50642
5.66877
4.74995
2.28825
3.79778
1.23295
1.4179
5.58902
4.35092
1.67028
3.33637
1.46335
4.64834
3.2777
5.17826
1.16325
5.05093
2.69671
5.1836
1.81038
4.62634
1.94055
3.27494
2.84559
1.97539
2.63823
5.1872
3.13333
6.14495
0.651448
0.619795
4.39054
4.13414
3.42231
6.09749
1.8028
3.01378
3.17444
0.133609
4.91338
3.98039
3.261
0.274187
5.5772
5.0462
3.34828
1.61147
5.35486
0.903992
3.17257
1.25241
4.07237
1.90346
3.06684
3.14658
4.94352
0.636574
2.82074
6.1317
2.57826
2.43958
1.26395
4.8873
0.634227
5.90887
6.20697
3.07885
6.03985
4.17435
4.73549
4.21932
1.97789
5.55047
0.307473
2.55391
5.30979
3.69587
5.04344
2.78549
2.43644
3.58152
6.15441
4.43951
5.36238
3.71929
2.13648
3.26799
1.69179
5.47889
5.24032
5.428
2.44865
1.31068
0.137121
5.12134
1.85317
3.22127
5.82658
4.69676
6.22891
1.28802
4.29898
0.182785
2.96662
0.0473698
3.9175
3.72236
0.931361
0.414801
3.8251
1.72048
3.78043
1.97598
5.91162
3.36373
5.38147
4.44537
3.09989
4.87859
4.86171
5.97043
3.19792
1.8721
2.27653
0.8308
4.34264
1.09592
1.66869
4.55122
0.0919473
5.2625
1.00797
3.25177
1.43605
5.19537
2.96892
1.0506
1.59324
3.90256
0.147536
3.06809
0.0602793
4.92331
3.97545
6.1569
2.42329
2.4042
1.48753
1.36463
4.77728
0.641408
1.53499
4.38826
4.15752
2.87916
4.83319
0.161498
4.00561
5.67189
5.09845
5.23769
3.81026
3.11187
5.7418
3.42735
1.60224
2.36666
5.49139
3.93337
5.88324
3.83828
1.04497
2.6264
0.853374
5.69101
3.63981
1.78089
3.88424
1.31692
1.71959
2.62803
6.17597
1.93867
0.203051
2.72855
5.26982
2.09029
3.23161
2.83824
2.44975
0.00819243
4.74249
0.0867253
3.93535
0.440497
5.28665
5.14492
1.16675
5.15756
6.04666
2.43612
0.90748
0.967471
3.84959
1.37207
1.12458
3.38
1.06722
0.372065
3.70398
0.257297
5.45286
3.25913
5.44932
3.32536
5.16176
3.61862
5.36068
1.26899
3.16052
6.00184
2.42787
3.25021
4.11691
0.824278
4.37296
0.0128826
2.94136
2.04194
4.11153
2.45356
1.25287
0.995413
4.89663
3.73535
4.61196
0.061062
1.7097
2.38419
3.60793
0.28828
0.220632
0.968052
0.591281
0.795416
5.9958
0.442167
1.1418
1.57996
4.64705
4.47117
4.48166
2.80675
0.916351
4.56684
0.0166533
4.44597
1.35658
3.04242
1.59827
4.50623
6.11823
5.50133
3.44855
0.399132
4.98691
3.35031
2.47279
0.535782
3.91585
1.71069
6.26239
3.0377
0.248188
2.26811
4.8693
1.2823
0.513257
1.93779
0.449825
3.75485
1.45106
5.79069
4.50567
0.10394
4.64672
4.05794
0.098632
2.48525
3.00309
4.77373
4.45134
1.88752
0.0531417
3.99888
0.961834
1.74812
4.08905
1.4049
6.04544
5.44706
2.32401
2.07634
5.70396
3.70984
1.78818
3.04066
0.264386
2.48586
5.93507
1.37458
1.50193
4.1414
1.67322
1.50371
0.136981
4.20381
6.15392
5.7732
1.48504
3.85817
5.29636
3.9656
5.56398
6.23107
2.20083
3.56193
3.28838
6.00226
0.0972822
3.90599
4.2228
3.5553
2.76201
6.07175
0.684722
1.53792
1.0964
4.97907
5.54271
3.16335
3.25602
5.37215
2.98017
3.96927
4.94934
5.04246
4.77205
4.69253
2.29225
0.58017
0.0560751
2.18876
5.23141
0.490627
3.87593
5.25824
2.59911
1.45236
1.79784
4.55237
0.364513
4.50309
4.05543
2.00211
1.26538
4.15324
4.54018
4.1944
0.140047
5.37036
2.36021
0.867444
2.83084
4.69383
2.98022
5.27502
5.5309
5.27838
2.41997
0.28252
5.07576
2.15587
2.35619
2.92062
1.60853
1.5964
2.63853
2.54185
3.61646
5.25164
1.0247
4.75254
2.5728
6.07987
1.2296
0.136295
3.92461
4.97562
4.30027
6.12565
2.88666
1.80164
4.11237
0.42251
1.70302
1.88709
2.30484
2.56094
3.41729
0.44136
0.15816
4.70153
6.10002
1.82769
2.06484
1.53361
4.98797
5.7242
4.69952
5.87381
3.07137
3.44203
5.01239
1.51254
5.13403
0.907926
5.86324
0.834045
1.52171
6.06977
2.52121
1.68794
2.21036
5.93192
2.1441
4.00089
5.6329
2.71641
2.12348
3.127
5.87308
5.43923
2.18226
3.68211
1.2059
1.56241
1.29626
4.52715
3.40826
3.99229
5.07025
0.187856
3.4161
4.47952
3.07378
0.132362
1.08661
4.7525
3.03283
0.619869
5.28437
2.8807
4.94385
4.16052
5.70232
3.02821
4.08579
0.480275
6.22391
4.38384
0.658484
6.13516
0.98022
4.91304
1.99707
1.66912
5.09745
1.58687
5.71974
0.947246
5.90695
3.97829
1.82794
5.71201
5.82988
2.17977
3.7743
1.21618
0.828816
2.41597
2.38229
5.27852
1.46006
3.86871
3.6175
2.13799
2.22689
4.17812
3.43369
5.54179
6.08065
6.00276
5.36168
3.21988
0.430279
1.63228
3.0225
5.07602
3.45728
4.20907
2.43097
5.23347
1.23302
1.39059
3.5526
5.40944
5.00171
0.353796
3.33056
5.78554
5.10311
1.35635
5.93842
5.98118
3.49665
3.8733
4.33046
1.72701
4.77152
1.34321
6.19429
4.87104
2.80151
1.16208
3.14869
5.48912
5.65969
0.787077
6.27704
1.26046
5.73351
0.065418
5.26877
2.4255
1.52964
3.93509
0.0804729
4.59549
0.183976
1.77838
5.5719
3.9887
4.41676
1.16923
4.34539
0.246186
4.77496
2.61065
3.1809
0.744605
1.22961
2.20239
4.36913
1.06068
1.0478
3.03872
3.06244
3.87985
0.550951
1.11725
0.957944
3.00485
3.48611
4.35886
5.88216
0.487922
1.99054
5.27486
5.11883
0.897224
1.90727
6.01677
1.15558
4.89296
2.62235
3.36465
0.22069
3.23858
5.77878
3.151
3.28032
1.7332
4.80708
3.38454
0.180104
4.47604
0.412283
2.24265
3.44309
0.347879
4.63891
3.6781
3.27091
5.08414
2.34631
2.37975
1.97619
3.70321
0.123322
4.92898
3.61885
2.82933
2.49862
1.50763
2.01956
3.95035
5.95498
0.670586
5.67294
0.459531
1.9207
3.81364
2.41967
0.607904
5.96009
4.28323
5.27992
3.93097
3.19194
3.08541
0.841503
5.55712
2.80469
5.75016
2.58249
1.2669
4.39163
3.76809
1.55574
1.02143
4.25056
5.17299
2.16194
6.23486
3.62009
1.61902
4.64525
3.86761
0.385154
1.27642
1.42332
3.4959
5.96054
2.24587
1.8981
2.04365
1.96319
5.97381
3.08183
1.68229
3.58095
4.03975
5.2432
1.91627
1.22933
4.07451
1.02958
5.99732
1.88932
4.11136
5.74765
4.28995
6.04308
4.35348
6.05981
0.943337
4.02404
1.47539
4.34362
2.11144
4.97524
4.003
1.53428
3.2852
2.17613
3.74738
2.72543
2.53527
4.63569
3.81932
2.68841
4.32241
1.22844
0.762619
2.49014
1.60177
2.58998
3.94933
1.28101
0.750583
2.25544
0.556422
0.0487698
2.28754
4.76136
3.32135
2.68177
4.44341
4.3047
5.55722
5.44962
4.95271
1.42228
4.38129
5.75906
0.483005
5.5887
4.84834
0.707357
3.61298
2.91278
1.99858
5.26827
3.51798
2.41241
1.26396
0.647892
5.98177
2.50304
5.67862
5.52876
3.52469
0.452504
0.527235
3.03948
0.964817
4.26222
3.25939
4.51018
4.79484
0.0684401
2.74107
3.0896
3.10748
6.28198
2.03802
1.73626
4.58939
3.43121
5.72594
1.27066
3.33971
2.74555
0.465006
0.0622526
0.287255
0.334188
0.180462
5.9626
1.30976
0.664186
3.53474
2.52553
0.442778
3.71722
0.240795
1.49885
1.18799
6.1002
4.52222
0.285105
1.2325
5.37457
1.27222
5.93357
3.34893
2.00022
4.69205
3.42563
0.495073
0.0947862
4.14584
1.44005
2.61922
2.9
6.1594
5.87451
0.258664
5.40235
2.57586
5.85223
4.01019
1.46314
3.56263
2.40594
1.8202
1.16233
3.20706
5.15233
1.94148
0.367278
0.624049
1.86532
5.84229
4.76138
4.24487
5.48328
2.59042
2.40031
5.87247
0.816581
5.12899
3.98305
5.88787
2.98327
3.73239
2.41734
0.854139
0.0898307
0.946115
5.20258
4.55316
0.890776
0.435426
2.2323
5.18734
3.96407
1.61338
0.707126
5.08021
1.37188
4.5065
0.503814
2.32401
3.55054
3.71935
2.64138
5.97259
3.88095
1.11288
6.23886
0.617511
5.84473
5.95413
3.51376
1.04228
6.10822
0.767474
0.687307
0.0239661
2.51498
5.18695
2.62741
3.92801
3.31673
5.89487
0.446889
1.31499
1.01205
2.21897
4.50597
2.88878
4.67046
1.09897
0.861107
2.5511
1.47431
4.11701
3.65432
1.94706
2.31318
0.653699
5.58516
5.89616
6.18511
6.00079
3.13035
3.41124
4.26465
5.9474
5.0905
1.4853
5.10402
0.539561
3.88437
6.17523
3.01924
1.16559
3.29014
5.59731
5.32993
4.4162
3.90781
4.76701
0.695864
3.05072
1.96479
6.02702
4.86926
4.62091
6.0413
3.02487
5.2094
0.708367
3.8461
1.04025
4.81587
1.6135
5.68042
4.80841
0.0928735
5.46615
0.703044
5.02588
6.08755
1.89493
5.9226
1.42467
4.87059
5.5477
5.13078
0.1697
4.06798
1.28317
3.25542
1.96847
3.59204
4.84985
1.51285
3.8196
1.63112
4.24564
2.1098
5.72658
2.49987
3.09941
3.8502
3.6427
1.02647
3.1406
0.359517
5.21957
3.73751
2.32955
2.87246
3.05336
3.10074
0.520644
0.862621
5.07814
1.15557
2.32229
3.3512
3.15177
5.67836
2.80798
0.844334
4.91762
4.68825
5.03143
2.29739
3.96563
4.21669
2.84981
4.88603
1.56182
1.72701
2.143
5.54453
5.32267
4.93988
3.64756
2.5746
3.68467
1.84287
0.153692
5.3121
5.73715
0.0543919
1.29992
1.77399
5.40694
5.79655
4.90109
2.54119
0.48415
2.90992
0.784016
0.912497
5.66863
0.787392
4.77625
3.92868
0.35878
0.951054
2.52322
5.00615
4.85458
2.27471
5.6778
4.06136
0.396096
5.68687
2.80847
1.52766
0.760644
4.58653
0.862225
2.27866
0.417777
4.1815
5.27286
5.69201
6.10329
3.28283
4.54917
4.24109
3.13355
6.21106
2.4985
2.36052
0.930439
0.771257
3.42604
3.57153
0.0498831
3.08397
3.14324
0.115411
1.86936
0.452367
3.78083
0.676615
4.73405
1.11682
4.27579
1.11824
0.157208
5.45454
5.56308
0.871402
5.74629
5.27827
5.60067
4.92948
6.17887
4.16942
2.05529
3.75721
1.75327
1.9796
2.93534
1.10209
2.24999
0.140011
4.4795
2.98292
4.65156
5.63452
3.4203
2.17041
6.26401
5.91955
1.98442
0.32532
2.75245
3.90794
5.02633
3.76363
5.52628
2.3325
0.244139
1.98578
0.518692
0.00268708
1.12444
4.68927
5.6973
1.56403
0.658158
0.442359
1.8103
0.810803
2.64821
4.0729
4.02182
2.45453
3.69216
3.76459
3.19786
1.52884
5.79573
0.782476
5.21768
0.430148
2.55357
4.37251
4.34058
4.52183
2.69837
1.84387
3.74162
3.19335
1.77687
0.303514
0.0818324
1.85756
1.60481
1.68801
0.265677
5.92614
5.77839
1.13363
5.4101
2.7624
4.87735
3.18337
1.47725
4.78025
3.97005
5.25814
6.0121
2.49599
6.00042
5.29966
6.14321
4.3122
6.08527
2.02498
5.36125
1.59477
2.36683
2.30119
4.45691
3.62642
3.0394
0.123675
2.1179
0.362432
2.56192
1.57657
0.12585
5.67755
1.49549
2.98092
3.21213
5.69519
5.47455
4.2711
3.98241
1.47438
5.89695
5.09914
0.321675
0.97878
3.1445
0.883105
2.25914
5.40674
3.52903
1.9901
5.04383
5.7032
4.14293
0.890329
5.84482
4.69292
5.28319
2.37801
4.36329
3.84586
6.17676
5.99855
6.14236
5.89261
2.66467
5.0985
3.82593
0.603297
3.91509
3.04695
2.18781
4.61988
5.6295
1.07492
3.55786
3.84329
0.236973
2.74239
0.560192
1.89715
5.34762
2.22539
1.22275
3.42766
3.63124
3.95184
1.78389
5.65209
4.10432
3.11526
5.50025
4.7833
3.03473
2.02465
4.02331
3.63183
2.60853
1.14564
4.22671
5.58519
1.8321
3.37985
1.23253
5.93934
1.90122
4.38637
4.72259
0.960108
2.1343
5.23951
1.69403
5.71596
3.0008
4.01067
2.26539
3.98112
5.09387
3.89779
1.43271
2.46355
4.82927
1.22456
3.14492
4.7751
2.35358
0.317475
4.29986
1.95928
4.03455
6.07283
0.702638
3.79277
5.39688
0.0119095
0.149289
5.12422
2.8853
5.58566
0.558179
4.63768
2.81853
4.6264
2.15498
4.62243
1.58817
0.401678
3.13108
4.73845
3.10058
1.24587
3.94582
0.137859
3.37061
4.35571
2.17368
5.53927
5.28235
3.71961
2.73982
0.318661
1.66456
1.1598
4.42052
3.34033
0.487939
1.44445
5.88006
4.04345
1.09675
2.16303
3.83227
2.9927
1.88943
1.33768
2.52633
4.22027
5.68674
5.99993
2.08627
0.656432
0.833953
3.44733
5.59324
4.74279
2.34815
4.89532
5.12385
2.69438
4.34442
1.36884
1.7798
5.12691
0.938844
6.09746
5.95199
4.91732
3.59142
6.04871
5.99379
2.12679
1.57659
2.66297
4.63591
2.27437
3.27536
3.65027
1.62345
2.78166
1.54879
3.89244
0.585847
5.77652
3.45981
1.02439
2.55179
1.35627
4.67871
5.82637
0.357674
3.61881
5.83663
5.40511
6.14237
5.71489
3.9139
5.23386
5.60432
1.66478
2.04437
1.65284
0.930133
5.73457
2.89861
6.08171
2.21575
2.03202
0.325791
1.1999
0.890409
2.48502
3.29905
3.26698
0.236157
0.167409
1.90372
2.6555
3.22627
2.89145
5.35744
0.972094
6.08909
1.7246
4.19127
1.3803
5.98227
3.17946
0.0233688
6.04352
0.922049
1.48883
3.85767
0.362326
2.61036
6.09839
5.28101
4.19139
4.43556
3.15489
4.14091
6.05399
0.967259
6.18681
1.38746
1.4937
1.13176
2.48904
3.35274
4.58939
2.56384
4.15136
0.998939
4.05422
4.01237
2.19903
5.20567
4.28305
0.450857
1.23362
6.23995
4.68831
4.3873
3.21383
0.0968564
1.09207
0.0895615
2.70521
5.21242
5.19856
1.98496
2.3101
6.25751
0.845213
3.83176
0.625287
5.00881
1.33072
5.67507
0.200479
2.58148
5.41524
0.349906
3.63623
3.98595
1.87954
5.09848
2.78553
5.57565
2.99444
4.09174
3.04767
6.01325
1.71168
3.25332
0.778685
0.128809
3.29271
4.88583
3.3183
3.35751
2.25266
5.65155
5.93157
4.07786
5.24916
0.796726
5.49734
3.04935
3.91886
0.384956
5.95477
2.09959
3.8495
0.0299262
1.7208
4.45423
1.72414
2.66772
3.05476
5.10173
0.969436
4.02714
4.65152
4.41343
3.76672
4.11265
1.70193
3.44635
3.31704
2.97017
0.216392
5.98891
0.357872
3.67082
4.03179
4.68281
3.52094
0.494743
1.01557
5.22081
4.54456
5.54916
0.360907
5.83236
5.58361
1.59799
1.7785
2.00603
5.28428
0.865512
1.74347
1.46985
5.34135
0.561604
3.14174
1.74732
2.2244
1.67791
5.9966
6.13255
0.590545
2.98565
4.36989
4.60815
1.11808
4.18362
1.43643
6.16698
5.09051
1.44484
3.20568
4.74613
0.574877
3.2029
1.53176
5.32257
1.31269
3.49122
0.847837
3.76271
0.393834
4.19673
1.74081
3.11052
2.35778
1.56902
4.91588
5.10883
5.99557
5.98113
1.87685
4.37869
0.0963697
1.43229
2.25703
5.47926
2.41163
5.71496
4.15606
3.86086
3.73202
4.84735
2.61755
5.6571
4.0593
4.31725
1.38678
5.66504
3.05268
2.38312
1.49521
4.24819
5.40579
2.06088
4.58035
0.795915
4.51669
5.902
2.12797
4.39439
2.83198
4.54527
0.885837
5.07394
2.97125
3.58118
1.82685
2.30673
4.77055
1.45869
0.71747
1.82388
1.30263
0.469129
2.32675
3.3962
4.21722
3.14028
0.523492
3.75601
5.22796
4.29467
2.52383
5.96201
2.7845
5.85614
1.74518
6.27974
6.07296
5.66075
3.21528
2.62956
3.23936
4.48241
5.72807
2.75175
2.76133
1.13128
0.953309
1.85223
2.48887
0.148166
0.484138
3.77698
6.2484
5.19492
5.59011
2.29524
6.2693
2.84358
2.66185
3.47464
0.932948
0.1739
2.4566
0.767621
1.26075
4.61412
0.47613
0.0917595
0.679198
3.49669
6.27026
5.69226
1.24288
1.36392
5.66209
1.79172
4.19783
3.93209
5.48947
4.74381
0.0492956
3.70228
0.763107
5.18652
5.40419
4.90803
0.320901
0.393028
5.91908
0.718105
5.70261
4.43059
6.09811
1.96837
5.76331
4.61489
2.88968
2.52706
5.5608
0.16607
3.5013
0.294217
6.13351
3.21163
2.91426
3.83017
4.93261
2.84594
1.88847
4.89346
2.05449
4.23848
2.77321
2.81325
1.00751
1.58883
1.12388
0.458138
5.91024
3.16797
2.34359
5.83613
1.41325
3.36627
6.25405
1.42067
0.508178
2.70254
5.84792
0.916402
4.27143
4.38335
5.68501
2.70885
2.08005
3.52286
6.12462
2.89391
1.95995
5.27071
3.93032
4.03559
5.48444
0.221908
2.33568
3.02187
1.37827
1.04864
1.63873
0.273541
5.73129
0.0646839
4.09862
3.8005
5.29817
5.20251
1.39926
2.98551
0.22662
0.108144
3.90592
2.61349
3.095
2.57085
2.40664
2.72222
2.66765
3.06249
0.207015
3.72953
4.75513
5.35897
5.38903
0.492933
4.4288
4.34768
1.60343
2.18112
3.46438
1.51173
1.60629
4.06383
4.17383
1.11053
6.20613
5.01229
4.97946
1.34125
3.32823
4.09794
1.12186
1.83593
0.457326
4.69552
1.47805
4.83763
4.02607
4.97619
0.696247
1.04675
4.73284
0.34128
0.632794
0.906991
4.74294
4.35289
5.21832
0.216684
0.744516
2.11784
2.40118
3.46028
0.676156
3.21327
5.49268
3.06253
4.64953
4.05326
5.79045
2.13684
2.09121
3.43748
6.17389
1.80311
2.77461
2.15288
0.166174
4.6639
6.17895
1.86501
2.90422
4.73608
1.03345
4.8299
2.81032
1.05189
3.31261
5.61419
5.34408
2.91912
1.92195
4.66501
2.39636
3.42125
3.89935
3.02551
4.87686
5.84899
6.09524
4.58113
4.6601
0.175689
4.74528
2.95203
4.11674
3.60607
4.14192
3.6056
4.66523
1.57874
0.0846137
0.100675
4.37187
4.94151
1.70788
6.0193
3.28474
1.68487
5.25627
4.71285
0.607821
3.91184
0.460901
4.74252
0.763021
2.3927
1.47456
3.06966
3.17116
2.99633
5.30978
5.89917
2.88646
6.113
0.375971
4.36812
0.0119222
3.06332
1.71068
2.20948
0.129615
5.90914
0.229759
0.137417
3.19082
3.94482
1.31981
4.57762
0.754173
5.87465
1.81943
5.62995
6.08126
3.34412
5.02082
1.72937
0.812297
5.31383
1.57909
2.76437
6.08539
2.98985
5.97057
4.91359
5.73291
3.46472
1.13472
2.10928
0.323996
6.0429
5.35239
1.15096
2.36235
4.29589
1.02768
5.04291
3.39202
1.82251
0.454215
4.76569
4.01244
3.04031
0.161661
2.56683
0.433852
1.80624
1.09441
1.43903
3.99737
1.92675
2.7829
3.01405
4.27154
2.74501
0.63772
3.88004
1.05115
3.27699
1.36468
3.40102
4.16822
6.20002
1.54111
5.14991
1.97188
6.15422
2.92965
2.31389
3.37373
0.732098
1.93872
1.2142
2.55435
4.40587
5.89786
4.02453
1.11846
0.00183979
3.40986
2.86906
4.45604
3.40209
1.25027
2.91329
0.375203
6.09542
4.00245
2.92126
1.17481
2.85912
3.61495
1.03569
5.1152
1.55521
5.48402
3.88924
4.99292
4.60413
2.66027
4.52593
1.65282
6.00994
3.78293
3.41776
5.3519
0.326702
2.09033
3.83662
5.5677
5.07538
3.56829
6.10108
6.07542
3.10524
3.41138
6.16905
0.153174
2.76649
0.487192
3.33047
1.33082
5.71361
5.06547
4.30452
2.4328
2.00691
1.18541
4.97932
3.97677
3.18564
0.992346
0.845901
3.35236
5.34048
0.902544
4.48858
2.90919
3.99702
0.243025
3.60363
2.74069
2.09345
0.224491
4.07244
3.03515
4.62994
0.900949
0.272962
6.01931
2.60733
2.1696
3.41656
6.21813
5.40765
4.71484
2.96588
6.22652
1.62446
0.695273
5.75601
4.78542
3.29189
4.02541
5.95798
3.29908
4.21854
1.31553
0.410583
3.23953
0.0125313
2.13071
1.36329
0.0480773
5.50741
2.10059
0.843196
1.68153
1.42241
5.94332
2.66274
1.99152
1.3866
4.88236
5.08496
5.2887
4.45657
1.09784
0.572792
6.09873
2.93809
0.0255847
5.02267
4.39387
5.42005
2.4415
5.21258
2.83354
2.52719
0.0243908
1.61989
5.04748
3.13647
1.53479
2.6562
0.526183
4.70916
5.2799
5.7352
1.86308
2.62053
3.06779
4.74188
4.91023
3.43518
4.01725
0.196792
0.630294
2.83966
4.40866
3.28967
1.54077
0.181139
2.37365
6.27384
0.0268554
5.23706
2.43437
3.85211
2.26066
0.139485
3.77393
2.4776
0.691543
4.87304
1.90875
5.94736
1.7533
1.22205
2.88082
3.7539
1.27262
0.757686
1.25768
0.802391
3.18039
4.79506
4.05434
4.02824
3.96561
1.65488
3.83912
3.81118
2.04548
3.81304
0.701926
5.35731
0.0360169
5.92413
4.89947
4.47179
4.58136
1.75335
3.2535
0.0031051
1.75278
3.30912
0.394302
3.98726
2.85403
0.830707
2.97149
2.85703
4.56971
1.84842
5.24695
2.83228
0.387448
5.38637
2.92293
4.29463
0.212363
0.88528
4.82599
5.89606
1.77768
2.4123
3.08707
6.02409
3.68665
2.70718
4.86752
0.794873
4.95544
2.12239
1.05317
4.0852
1.25597
5.89923
3.93825
1.74587
0.544726
5.91529
1.50166
3.05697
3.22249
5.05426
1.49412
0.0364627
3.34977
6.26659
5.14254
5.49111
2.74958
2.46072
4.92792
2.87253
5.45397
5.26739
3.44513
6.10372
0.876646
4.7182
1.14174
2.15165
1.23015
2.91706
4.70461
3.2724
4.53066
0.95974
2.88205
0.914679
4.08663
2.34764
2.25065
1.61447
6.04647
5.6389
0.404564
0.500449
3.50187
1.99218
2.2974
1.00516
3.45523
2.65559
5.61347
1.77746
1.87182
3.74836
4.05778
4.01693
1.76185
4.91468
3.06946
3.99886
5.24086
0.833819
4.56018
1.34151
1.64158
2.09755
6.2655
0.932506
0.324674
1.84997
0.313063
5.99455
5.00078
0.666769
2.25786
2.57795
3.3727
2.24092
1.99124
0.602307
0.497825
5.96089
0.827438
2.26868
0.162772
1.38162
3.09615
5.19481
5.3967
0.0172388
3.5008
6.16935
5.48606
6.04686
4.41237
5.88781
1.5886
2.88693
1.2234
1.32528
3.19858
1.7395
4.44927
4.91013
3.45953
5.7266
0.515641
6.28049
0.150041
3.64079
2.35014
2.03204
0.772037
0.631817
1.96597
4.08838
5.22214
3.31758
5.54014
0.00335285
3.23694
4.40025
5.37257
1.80026
1.8008
2.23182
5.31542
2.29187
0.521934
4.78223
5.24155
2.71796
0.694737
6.15207
0.573588
4.39529
3.77523
0.642919
4.94513
4.16343
2.37607
5.30996
2.83406
4.48273
1.19105
4.54979
2.25345
1.56098
5.70741
2.39087
4.27979
1.4133
5.01057
5.79806
5.0144
4.34108
4.64116
5.34592
2.11427
1.3397
1.08412
3.50597
6.12398
2.26511
5.8108
1.43037
3.22601
5.65167
3.32433
0.634092
1.35563
3.23452
3.94587
3.66744
1.79993
2.81811
2.16132
2.19925
3.52463
2.54581
5.26396
0.763237
4.63013
4.85918
5.6479
1.94428
0.598545
0.963788
2.02284
1.06418
3.58824
2.65854
3.10232
2.11331
4.72502
0.0636676
3.13849
1.0777
0.142698
4.46961
2.15885
2.20631
1.76056
4.04439
4.4762
0.499176
2.59148
1.16155
6.18434
4.71978
5.04327
0.0628422
3.96151
2.57095
5.63626
3.32146
0.205421
2.5753
0.192789
2.40059
3.20988
2.2267
0.64397
1.77641
0.0634288
2.115
1.09473
2.34566
1.60068
1.80665
2.84874
6.23207
4.45486
5.33064
0.163596
2.94636
6.01716
2.86295
1.91548
3.22184
5.9565
3.55765
3.2834
5.14577
2.69052
2.47888
5.08862
3.1273
0.34233
0.405258
4.85908
3.49929
3.16602
0.821412
0.990874
0.704283
3.92707
4.61733
4.53264
4.8798
5.06968
0.803345
0.041646
3.92064
0.163181
1.46489
2.37258
5.13064
0.365778
1.89444
1.77967
1.06704
3.26091
3.55942
2.64709
6.17365
4.13047
4.60271
1.29253
2.20359
4.49796
2.01076
1.28603
0.668525
4.96545
3.60811
0.93567
5.89514
1.56228
4.47603
0.898456
0.645975
5.04243
0.394672
2.47605
4.91541
1.99585
0.00495425
2.3041
0.449463
2.01063
2.24518
3.31286
1.45614
5.10776
1.31411
3.18883
0.710704
3.40289
4.0145
5.69081
1.33829
0.483038
0.446731
1.66344
3.74245
2.1279
3.28462
5.44294
4.94846
4.31826
0.940194
5.98814
1.92093
2.0614
3.0636
2.02081
0.403599
5.25113
1.37359
0.657486
3.15171
1.24048
1.92896
4.86768
3.28241
3.11707
5.03207
5.00239
0.974047
6.12073
2.55034
3.20375
3.46026
3.96633
1.84269
0.974873
4.22236
0.333605
0.971785
4.37984
1.36532
4.58716
4.0213
3.71784
3.64624
2.26043
0.882077
4.2089
3.46165
5.59437
4.88265
5.14032
2.07718
3.74357
4.58923
3.98339
5.80881
1.66824
0.198126
1.32382
5.80139
5.05247
2.99715
3.13385
0.355023
5.40365
2.93665
1.698
2.07482
5.35364
4.84241
3.35631
1.83068
6.22425
2.52897
3.31674
2.28884
5.10341
1.8104
2.3521
1.74845
5.59836
0.594388
1.33335
4.7172
0.405652
4.70464
4.26911
1.36614
1.78952
5.55018
5.4878
1.67387
3.27183
1.62719
1.31807
2.34731
1.04626
3.56448
4.08808
3.55013
5.5992
2.21081
0.752334
1.53128
2.75303
3.65601
4.10933
3.78922
0.790275
3.75212
5.38803
3.42932
3.44347
2.86083
3.54337
1.24651
2.02246
3.82435
1.2671
0.503422
5.91757
2.41776
1.81072
0.848396
3.96885
1.12318
5.97127
6.00844
4.89076
0.834048
1.54616
6.125
3.82871
2.71623
4.92518
0.11403
4.39733
2.82354
3.88606
5.74434
3.48849
1.37306
2.65909
3.30718
0.0661764
5.18877
3.85142
1.09755
2.4774
0.403121
2.26692
2.57014
1.44228
4.59655
3.48796
1.3919
5.938
4.57899
3.1905
5.39458
3.79874
5.83617
5.1069
4.76703
4.16527
3.18929
1.17972
4.11541
1.78348
4.72186
4.55864
3.07019
3.47981
3.63106
0.511324
5.10866
4.20185
1.6419
4.1679
1.41537
4.70639
3.36473
4.56887
2.27925
4.92713
1.11247
4.01263
2.27945
4.26826
5.18442
2.71011
3.16753
1.98516
4.8841
5.93084
5.61366
2.85351
1.74091
4.43341
4.94668
5.89478
6.2054
2.35017
4.02359
6.2393
1.46568
4.06694
3.22349
5.54164
1.43393
3.07631
0.10121
2.83397
0.263801
2.38097
2.39501
0.47282
3.37413
4.16611
3.17012
4.50249
5.98742
5.6253
0.479427
3.50508
5.35897
1.12457
1.2611
0.146174
5.87539
4.08275
2.54089
6.18719
0.750142
2.36992
1.71736
1.1007
5.59744
4.04334
5.08909
2.63668
0.255095
3.5833
3.20447
5.25614
3.07529
4.86468
1.75975
1.14069
0.558322
3.33486
3.94975
3.59524
1.03297
5.92715
0.68339
4.39146
0.147716
5.59961
2.4098
4.6699
2.09567
4.70688
5.75352
5.70286
1.87172
4.48943
0.262574
5.9862
5.94909
3.95918
4.84705
5.11264
1.70705
0.0569523
1.2454
1.11319
3.90516
3.97818
4.12123
0.572767
1.18188
2.2105
4.87768
4.01546
1.42574
0.961657
1.13277
5.10831
5.27736
2.89618
3.80887
2.50964
3.85973
3.93132
1.55375
2.45073
1.09017
1.04835
5.60342
1.87658
4.95524
4.02062
5.33575
4.52072
5.55816
4.79755
4.60999
2.58879
4.04109
5.05896
3.57061
1.36413
3.22319
3.68039
1.36391
5.0055
3.25797
2.17585
2.19333
5.09554
4.83197
0.477406
1.20115
5.9614
5.7943
2.34167
1.13618
2.43219
3.03103
1.37212
0.891128
0.987923
5.97365
3.79259
1.49439
4.22194
1.5358
4.11172
1.05421
2.05628
3.85745
2.80443
5.51898
2.12683
1.68146
5.14057
2.85483
4.68411
3.85185
3.88753
0.648277
2.90714
0.132141
1.21845
4.33768
3.74015
4.91199
4.98788
1.50904
4.44758
6.11213
3.20278
3.11679
0.711376
0.169638
1.88114
3.29854
5.73254
0.119034
0.803252
2.16787
2.51974
3.3129
4.67502
2.15478
3.9191
2.75844
3.50256
5.54148
0.163936
1.15979
4.86336
5.37129
0.858094
2.00823
5.37096
1.73021
2.93627
4.29666
1.42912
6.28075
1.47151
5.00647
0.302546
4.29432
5.08641
5.25246
0.233479
0.0990822
1.99061
2.10474
5.76379
3.28671
0.738638
3.91569
1.98391
5.22563
4.0332
3.73363
1.71832
5.34449
0.831963
6.05814
2.28129
1.75069
2.7831
5.16436
1.09363
4.51948
1.30095
1.85042
3.90757
5.30753
2.15304
0.361827
5.50176
1.04956
0.228882
3.10846
3.57
1.59566
0.200652
1.34914
6.12812
0.671013
0.938008
5.2544
0.0507769
1.22103
6.06702
0.573542
5.00056
5.36188
0.0592246
4.00586
5.94579
0.461381
2.63449
1.00485
4.0963
0.207544
1.79039
0.942653
1.64241
5.49743
5.01104
3.16806
0.0394744
2.54187
5.41941
4.97606
3.7289
5.34116
2.52507
3.78196
2.9748
0.0648946
0.180181
0.547533
5.53874
2.88763
2.80944
2.8865
2.02891
1.46921
0.184936
0.529738
4.16121
2.15984
3.83286
6.24759
1.61393
0.418776
3.07392
0.433786
2.55118
0.7116
5.07809
1.19837
5.90409
4.6802
1.3834
5.31612
0.996965
3.44996
3.48448
5.63801
3.61088
3.80882
5.54554
0.651833
1.1297
0.909978
5.53604
4.68728
5.98782
1.39208
2.17436
3.94321
5.11809
5.06052
3.62479
3.94046
2.535
5.49902
2.26372
0.572552
2.68422
5.66903
2.23502
5.46784
0.021686
4.08782
0.82451
2.21722
4.7262
3.34171
1.08109
4.2462
4.39567
0.922045
0.353045
4.43935
3.98874
3.37744
5.88644
3.52948
3.72603
5.55489
6.17983
6.00302
5.77674
5.63506
1.61569
1.3251
6.1505
4.11361
1.00849
4.33156
1.97692
0.654584
0.387524
2.30513
3.42226
0.37291
5.65974
2.58971
3.85581
0.983689
5.76823
5.06198
2.95464
1.54405
2.81756
2.84589
4.60003
0.515056
4.58204
4.02435
1.26352
1.15335
5.42091
4.91365
4.95898
5.63294
5.61578
5.7529
5.71772
0.235798
5.69148
1.21021
0.0726425
3.81397
5.73849
0.41986
5.85295
2.73528
2.28695
6.00403
1.16854
3.39494
3.35823
1.29529
6.24972
4.9624
1.24811
4.1434
5.36934
3.01757
1.10184
4.21214
0.729376
3.80169
0.388856
0.170783
0.748809
2.9243
4.37748
5.29838
6.04129
0.226165
4.48837
1.38422
2.28363
3.4868
5.59004
3.06077
2.80075
2.27948
0.605
4.97108
1.01224
6.19244
3.98202
1.10803
2.33141
1.81304
1.21273
1.78716
2.3464
1.23364
2.83336
4.95989
3.9739
0.861232
0.1861
2.66737
1.46634
2.89334
0.367531
4.7664
1.84923
4.86979
2.22986
1.16576
3.74802
5.01295
2.29784
4.85971
2.63527
0.263351
4.12386
3.05069
1.99203
1.15811
3.26339
0.67984
2.08438
6.22097
1.12952
4.48107
1.67548
3.73587
4.96594
1.23365
1.55913
0.80487
5.19411
4.54373
5.8453
6.10075
4.66629
3.13098
5.95972
1.52703
1.37224
2.1468
0.977193
5.49902
1.41052
1.58163
3.24211
0.464192
5.15644
2.07932
4.76727
5.87964
1.14276
4.21009
2.90544
3.72963
4.73229
4.09509
2.84782
4.23961
2.37894
3.10895
5.41665
1.99615
2.26194
5.90774
5.63306
4.08697
2.61751
4.86303
2.0676
2.33697
0.140562
3.0852
2.21075
5.21822
1.04528
3.75885
3.30495
3.81765
1.94383
6.07321
2.15807
4.65046
2.54903
0.0854586
5.57905
1.65308
4.15925
5.96901
4.21912
4.49685
0.948953
1.19129
6.11437
5.94654
2.73646
4.14695
0.0751187
5.45677
1.8636
1.22837
4.09373
5.97071
1.38571
2.25344
4.26319
1.98115
0.665409
6.06232
6.0929
2.86654
0.304136
1.45411
3.05218
5.17441
6.07689
2.63511
3.69347
0.579507
1.62953
1.00365
3.15421
2.60668
2.96828
0.206404
1.24944
2.65325
3.87002
5.35008
1.91636
4.09871
2.24944
2.41298
0.87579
6.00157
1.35303
0.690442
2.8209
5.39137
3.63155
5.58335
4.69685
4.69112
1.48742
1.60812
2.32466
3.99079
4.40673
0.694051
4.90933
5.71674
5.80012
5.66444
5.68294
0.721911
3.00623
2.53878
3.59318
2.2243
4.80815
2.5126
2.46992
4.66727
4.99378
1.11732
1.38509
3.45487
3.78402
4.64067
0.711359
0.188359
5.44938
5.76294
0.49555
3.03546
0.180259
2.29936
2.96079
1.91909
5.72225
5.0259
4.73274
0.697775
1.81717
2.83316
0.076656
2.16179
2.80131
4.6813
3.89048
2.33163
2.25497
1.3459
6.16039
3.33082
6.11098
1.45648
4.89897
3.65791
0.893487
1.07074
2.13595
1.97363
1.31897
5.88988
4.9008
3.82581
1.3322
1.48222
0.694759
5.32963
5.73167
5.49147
0.668356
1.33047
2.70233
5.03386
1.01601
5.56203
3.20607
0.138596
2.96949
2.67779
3.834
5.6827
1.33628
1.28875
1.95243
0.956009
3.30168
2.14628
4.86976
1.59698
3.28261
6.24646
5.94416
4.92886
2.6994
2.77931
5.97982
6.17452
0.891868
0.51897
2.40524
4.97636
5.39802
2.89194
4.34983
0.885636
2.45447
3.19622
4.01568
4.08359
1.29635
1.23244
5.19047
4.86416
0.27727
4.67573
2.92614
1.54231
0.0499362
2.11445
4.31246
2.07179
3.9163
5.56302
3.27875
2.1032
5.02471
3.50641
3.51971
1.84918
2.60699
3.31911
4.13912
1.20061
3.91141
4.61844
0.394315
2.29242
3.51227
5.55845
0.937417
0.0225555
1.34231
2.31975
2.33297
5.8254
3.77004
5.40755
5.35755
3.83251
2.895
5.20586
5.43292
5.19806
5.97633
3.63076
1.96372
4.10471
4.68579
3.53619
5.08321
3.80402
2.79887
1.28064
5.77281
5.63616
3.86217
2.95356
5.27598
3.86153
4.62443
1.24769
3.63907
4.02094
2.61088
1.33647
0.0938353
1.11106
3.79779
0.280414
5.59153
2.33386
0.571359
1.1161
2.93316
5.14881
3.36292
4.88765
5.79213
3.37716
2.87571
3.51754
2.55371
5.95193
5.18188
2.12353
5.99791
5.61138
0.077391
5.04405
4.62758
4.14445
1.67646
3.16574
3.32802
1.85866
1.14419
5.54256
1.51102
5.16413
3.1674
3.60574
1.57694
2.14267
2.57635
0.338503
2.08714
3.80274
1.98998
1.41495
3.84651
4.47604
4.98461
5.25787
0.142856
0.638428
2.15307
3.70783
1.5269
5.20587
1.53043
0.449303
4.56356
3.29555
4.06171
0.722577
6.13925
4.39704
4.71025
1.83151
2.57491
5.92534
1.8674
3.68505
4.862
5.9321
0.163377
1.60732
4.76546
2.28086
0.68578
4.19293
6.17784
0.2895
5.56051
5.82227
5.9476
4.13666
5.28808
1.61002
0.936959
1.13198
5.91849
5.81184
1.74787
3.09911
0.686193
6.16303
3.32232
3.74573
3.28972
6.17238
0.511156
1.48582
3.24668
1.92487
2.74974
1.95693
4.32069
1.98892
1.2252
0.890112
3.37724
2.24737
4.70738
2.67323
5.59482
1.8906
3.24906
0.551864
4.50988
1.95531
5.14838
5.70979
5.46447
4.47443
2.0518
4.02522
4.47937
5.82964
3.06933
1.53836
5.51735
1.96673
4.08847
0.95754
2.79878
2.07203
2.0777
4.18902
5.68857
4.78421
3.84243
6.14473
0.579207
2.17833
0.612792
2.87459
5.23155
3.66268
2.79971
0.224093
5.15549
3.42341
1.89776
4.17336
0.688779
4.41511
3.66283
4.86033
0.217353
4.81377
5.60709
5.38674
3.67965
3.80966
4.4915
1.24421
3.43232
4.83032
5.21365
3.25149
5.08335
0.0756
3.40875
4.98159
0.243947
4.02473
2.5481
0.0602499
0.222405
1.88438
1.34023
2.54038
4.617
1.10564
5.93887
2.24603
0.796608
5.17201
3.30531
3.86119
2.88215
6.27567
1.65505
2.5897
5.92466
3.70627
1.18383
5.10045
5.14296
1.16544
5.60341
2.22808
4.87727
0.582497
0.754528
3.83767
0.950679
5.18339
1.69256
5.39566
5.03551
5.83637
0.606581
5.98913
4.08022
5.37326
2.49838
0.166758
2.71176
3.95273
3.62851
6.17593
0.761903
5.2527
4.52615
0.98826
1.67204
0.985634
5.99914
3.1604
5.76478
4.25523
1.75888
3.61556
4.23587
0.901914
5.84484
0.516481
3.29648
3.92328
6.26978
4.8998
4.37304
2.28604
3.38606
3.2974
5.5157
3.51603
5.57741
3.62951
3.53544
1.14664
0.91492
1.59184
2.58736
3.67577
5.16179
1.61385
1.07026
1.52939
0.010838
4.14998
3.59216
1.65958
1.20401
2.83147
3.70048
3.87832
2.4723
4.14734
6.00481
0.916983
1.88377
1.51165
1.09628
0.971256
2.5906
3.92653
2.18581
3.24602
4.40017
3.37327
0.990152
1.45308
0.069485
5.49827
6.14383
5.57838
0.0247194
0.0949006
5.88682
2.94059
2.39472
3.72163
1.0704
4.95306
4.13222
0.746557
2.73952
4.89815
6.11714
0.157325
3.48532
5.97593
4.42016
4.04314
1.27229
0.654475
0.815828
2.61792
3.61275
0.65892
3.72936
1.86761
0.649987
3.79221
3.23632
3.60235
6.02932
0.414836
0.681398
1.9711
4.12699
3.58776
1.53941
4.59178
3.20697
0.162502
3.94558
5.45451
4.78491
2.47125
2.30847
3.73468
4.67476
0.792549
3.35106
5.63535
3.7741
3.58534
5.9961
4.9341
2.1869
3.44991
2.84012
3.38616
2.99331
1.17958
2.20262
3.26842
0.107391
0.916746
0.504773
5.93693
1.34683
0.00135834
3.05408
5.14582
0.436925
2.95489
3.53084
6.15193
5.1015
3.19145
2.82355
3.75801
3.59245
3.38494
5.9777
2.07432
5.67931
0.120606
2.71951
5.88493
6.12333
0.538686
6.02688
4.60484
6.24753
0.289661
4.14984
4.11859
3.17471
0.024109
2.37831
2.23729
5.92272
4.37594
2.4023
1.35037
3.69794
1.40878
1.49415
2.95594
3.04644
2.9838
2.06584
1.8378
2.16717
5.10217
3.77859
5.50373
4.50816
3.88695
0.435086
4.53565
3.57164
2.21995
6.14356
4.61846
4.75512
3.94834
4.17953
5.52573
2.8278
1.33172
2.39281
1.4855
0.415348
0.66736
1.29971
1.18734
4.09665
1.92314
2.33572
0.971201
4.56331
1.40386
0.711333
5.56288
5.08377
0.205697
1.40075
4.06166
2.73636
4.73801
1.03657
1.72457
0.45044
5.86751
5.87406
5.64224
1.48595
1.19877
4.63273
0.761302
3.83321
3.21178
3.72219
1.0698
5.13484
2.62676
1.5567
1.45655
5.76284
2.01213
3.88625
1.53469
0.396557
0.148437
0.67826
1.12958
3.46451
3.67826
3.84064
5.07218
5.86957
5.64094
2.59336
4.36978
4.9946
4.2544
4.88816
0.846465
4.58854
3.50419
1.63749
5.7039
4.67163
1.17522
1.18064
1.42991
2.51917
2.88998
3.31122
3.50441
5.09659
1.17212
3.95985
2.71728
3.02752
0.568424
2.72232
6.25976
5.10444
5.49373
5.83414
0.273469
0.25604
3.56208
2.45167
0.630651
2.71268
4.67112
2.51843
0.79021
3.19055
1.78688
3.80581
5.48483
2.95929
1.91465
3.53645
3.87339
2.57158
0.723448
4.33493
3.52343
4.16651
1.1741
4.96082
3.75248
4.73134
1.67132
2.16501
2.25405
3.57672
5.45997
1.09661
2.67639
1.32714
3.67348
4.48003
1.72664
4.39139
1.08635
2.15622
4.13334
2.63255
3.68107
5.27749
1.49214
4.99215
4.24007
1.98703
2.56729
4.43026
5.87722
3.24388
0.986398
3.65956
4.98523
2.85145
1.80644
3.55997
1.16042
1.70687
4.3502
5.25671
4.55894
4.95852
2.42269
2.8829
2.17439
4.47631
2.04267
2.2796
5.09548
4.43689
0.795347
1.17148
5.05402
4.49454
3.76943
4.49161
4.30346
5.41959
2.5088
4.43352
0.789417
4.99692
3.89281
3.01249
5.5587
3.68847
2.98034
3.38349
5.15541
0.587412
6.27497
2.8055
2.96762
0.130868
0.101626
1.64275
2.81242
1.37083
5.68801
0.59397
6.16547
2.9261
4.5135
1.85207
2.43238
5.34289
1.21694
0.266563
2.58504
1.04281
3.64814
0.0550756
0.125169
5.99776
2.25555
0.233622
4.01954
0.614402
3.6175
4.64986
1.75125
4.95241
3.09249
3.66212
5.18272
4.23204
2.04177
1.12927
5.91736
3.34847
5.63448
1.8361
5.08587
6.11768
3.25283
3.77861
5.88544
5.06689
0.143899
3.56428
2.44346
4.10186
2.24069
2.10062
6.18018
1.90715
4.37355
3.96689
1.98279
3.57066
3.43603
2.89249
3.59735
5.89551
2.03566
3.00006
5.80238
1.03071
0.0576768
0.0200517
2.96712
2.08253
2.15271
5.29618
0.864599
5.25326
4.30224
0.0543752
0.798052
0.103319
2.87367
1.11662
4.38565
5.80466
3.75737
0.48979
1.37907
2.33979
0.803756
1.23596
3.8127
2.27956
5.95785
5.52802
4.07156
4.96892
3.10374
4.91606
0.629806
4.84753
3.89826
2.73737
1.25233
3.06457
4.2371
0.117843
1.69941
1.3439
1.37717
0.294545
5.80682
2.15396
0.333304
0.344725
3.13024
5.46599
6.14857
1.50299
2.80878
2.6968
4.42235
3.4541
6.15688
6.25695
3.31956
0.0157758
4.88012
6.08959
5.0938
2.11991
3.20367
1.46969
2.24617
2.91292
3.60519
0.00421954
5.30928
4.13193
5.00085
5.48077
5.21786
4.13962
1.20388
0.55933
3.13722
2.86271
1.63584
0.913643
5.06093
2.17292
1.72194
3.69596
1.85976
2.6204
2.40334
0.0253796
2.56082
1.31101
3.52398
5.81443
4.64038
3.18901
0.274376
1.68046
5.09348
3.24938
3.0803
2.10441
1.332
5.25655
3.74671
4.87084
5.82389
1.05757
3.52595
5.08449
4.73251
1.4242
4.13655
0.0102927
3.67272
1.69586
1.13594
4.02216
5.56198
1.41407
0.425611
1.97769
4.13414
3.12528
4.53587
5.71359
0.210766
2.07843
1.81826
5.23156
1.40609
4.70112
2.64898
2.99504
6.26704
5.64897
2.50751
1.80024
4.20709
4.3353
2.28992
1.75005
1.60358
5.22372
3.47593
2.67191
5.06891
6.0366
0.25334
5.79607
2.38797
2.7816
1.58485
1.21857
0.0167615
3.61995
6.21826
5.25277
2.28037
2.27134
4.03678
0.643662
3.24581
2.59395
2.72531
0.517144
0.598449
1.28023
5.0829
1.8384
3.73247
2.02585
6.04106
0.634014
5.26052
2.26648
6.01309
4.50411
2.32845
2.76575
5.5398
3.51883
3.35015
3.35214
0.643315
3.03326
5.89473
1.80558
6.1842
4.35433
3.94039
4.75241
0.792751
0.737028
5.45942
1.47071
3.66857
1.14622
3.51943
3.15976
5.11399
3.80774
0.124569
4.70182
1.51677
1.25675
1.25072
4.32449
1.42439
5.89607
4.16088
5.8962
2.02283
5.71337
3.9162
2.22708
2.75261
3.18146
0.929047
3.88132
2.12628
1.50255
0.56434
0.306281
3.19347
5.52141
5.63424
5.86826
3.119
3.7323
5.76906
2.63116
2.27624
3.2051
1.76756
4.1215
0.665575
1.70496
6.12341
5.60247
2.00432
3.55652
5.57054
1.46347
1.498
5.37417
4.94564
5.61756
1.19356
2.77587
0.784437
4.33566
5.49564
4.31869
4.23087
2.51844
0.530205
6.12851
1.00213
3.25147
1.60635
0.408043
2.70156
1.17724
2.8285
3.24467
0.757774
2.09893
3.11884
3.17085
0.913319
1.26135
1.33202
4.22901
0.647983
0.9154
4.19171
3.99823
0.895135
0.112938
1.42122
0.685599
2.40674
2.7356
1.1885
2.45734
1.37548
0.280272
3.98205
3.38772
1.90347
1.1053
2.8619
2.72777
1.58238
5.7461
5.7077
1.21408
4.24082
2.05571
6.18357
1.29098
4.10232
4.04599
2.04012
1.76943
2.11847
4.93024
1.62017
3.79683
3.92669
4.87037
5.1057
1.46791
4.63736
4.98567
3.89397
1.07826
6.25052
5.66922
2.42535
0.570605
2.52892
4.70484
5.1728
1.57197
0.0454236
2.5779
0.917023
0.425219
6.01787
3.59024
1.52942
4.59478
0.619936
2.70444
3.71777
1.43109
0.79079
1.72998
5.38057
5.54467
6.08288
6.13284
1.10419
3.00134
1.28926
0.0315441
5.81564
0.0401518
0.269462
2.64074
5.36951
5.9731
4.30943
5.33896
1.2518
3.15132
1.12501
0.146718
3.11412
1.55689
5.29116
1.58055
0.732598
1.71761
1.81761
0.646965
0.891912
5.56342
2.8087
1.11946
3.35274
5.79021
0.815113
0.864178
2.85854
6.07784
2.2171
0.897901
0.742112
2.19462
1.85597
0.506214
6.15657
2.68675
5.32641
4.03302
5.84543
5.64161
1.87273
0.359238
3.13716
3.15671
0.406631
3.0752
6.11302
4.74231
4.33025
5.664
3.34229
0.188743
0.553967
3.357
4.37083
3.40579
1.82041
1.12636
0.85151
4.34691
2.3456
0.488471
4.54798
1.19876
5.6824
3.46346
4.43596
1.58896
3.59434
5.50215
1.59488
2.32339
6.07213
5.66869
2.41853
2.97505
3.07797
5.56684
5.08757
5.19142
2.26255
1.23409
4.60967
1.82883
2.52489
5.33792
0.142193
2.35642
1.21001
5.55873
5.68039
5.00407
0.621762
0.70059
3.28323
2.44157
3.40887
3.48785
5.07901
4.27996
4.75639
5.3921
2.40216
2.47089
5.5217
4.62972
2.96298
5.74016
0.471686
3.29606
5.43245
6.26679
2.19493
4.63014
0.807306
1.29356
2.42809
5.52456
2.09298
1.53781
4.21517
2.72121
5.12415
5.67787
0.730616
2.74232
0.303245
5.17701
5.51833
4.70074
5.8036
1.16195
2.35186
4.66641
5.65033
4.48844
0.258442
0.0624986
2.7818
3.49621
0.307374
1.76493
2.17341
0.791606
1.20747
3.58729
2.58116
5.7723
3.19035
0.697431
0.351398
0.599819
0.871388
2.23604
2.51178
4.41525
1.26608
1.45261
3.17133
3.74933
2.80239
5.44208
0.160009
5.21077
2.23384
1.55051
5.87149
2.61154
4.71905
1.18009
0.559644
4.28075
1.64694
4.06321
1.41476
2.92747
5.93936
5.59152
1.92915
3.18681
0.607287
2.50836
0.404713
4.01349
1.86582
2.30125
4.58232
4.8095
4.83184
2.49717
2.10264
2.63845
4.48619
2.89035
5.84352
0.916665
5.69791
0.668649
3.36502
1.22915
5.81939
5.99489
4.8158
2.49946
2.35223
2.8071
0.734768
1.56377
3.64898
2.9469
3.13237
2.12652
1.27363
3.63642
3.34983
3.69154
1.86651
4.22778
0.0666357
3.36313
1.68658
5.2524
2.41504
2.34878
2.40995
4.73868
5.25421
2.30481
6.2569
1.57828
4.72154
3.37617
3.55124
0.804975
5.64715
3.95081
3.73555
3.72673
3.22519
3.22324
2.34537
2.84417
1.39132
2.53678
0.167841
2.14771
3.61128
3.79694
1.46748
2.33083
1.49261
1.32039
5.40866
1.15905
4.69221
3.70375
3.08404
2.74621
6.03689
4.9126
4.53123
2.21226
2.09239
6.08842
5.8505
5.30619
4.00831
0.507919
5.40443
3.0135
1.17989
3.68207
0.0272273
5.21201
3.40031
0.925546
3.15587
0.594697
5.17645
2.51992
2.36453
4.48486
0.144802
5.69616
3.54389
2.27299
5.88885
2.1696
1.70086
1.7478
3.13175
0.326149
5.7265
0.36916
4.55821
0.517712
1.74393
0.955735
5.95462
0.404377
5.21121
5.27078
5.51097
1.11677
5.60795
1.61528
4.42013
2.1773
5.11844
3.02457
5.20497
6.12878
4.62855
0.164417
5.81663
2.9715
4.52065
1.87502
0.421257
1.93455
4.91359
4.54633
1.37359
1.82728
4.8889
1.10035
5.33235
3.81358
3.27641
0.444331
0.239251
1.58105
1.66016
2.3964
4.57709
5.40797
1.37229
5.1582
4.22319
4.7167
5.42851
1.67781
0.862721
4.57267
4.07216
0.726269
4.17347
0.917298
2.46382
3.12077
2.78635
4.1858
2.84141
0.970039
5.47674
5.11538
0.822867
2.13061
2.1862
1.0429
5.05259
1.42802
2.23592
0.0794145
2.0005
5.62938
1.69132
1.74877
3.76298
0.737463
6.1232
3.97835
1.47754
5.89607
1.8597
0.824567
3.00045
1.39113
0.283466
5.56445
5.11353
3.75609
3.97785
3.9326
2.02449
1.25587
5.94719
0.642225
1.48725
0.467535
5.45687
4.9257
2.26667
5.30239
4.86705
0.741934
3.4298
0.45856
6.07452
3.57416
0.626955
2.23235
0.477318
3.25182
1.17333
3.66742
5.61081
3.28196
0.0842849
3.43925
1.41911
2.92844
2.36375
2.2395
3.73787
5.9433
4.11295
3.72267
1.72581
2.22921
6.06443
2.8098
5.3377
4.59022
0.581627
3.49156
4.17293
1.74199
3.79568
4.46881
0.339651
4.23666
4.52478
0.583652
4.98037
5.59608
1.70028
2.71167
2.75233
0.785649
0.813055
2.39764
0.858915
4.44809
2.49049
0.364647
5.95785
4.39384
2.49525
6.18678
0.0965979
0.462195
4.87138
1.80121
3.71696
1.66139
6.12263
1.61294
1.42201
0.599824
3.21679
4.11716
2.80436
2.95657
0.464337
2.24022
1.30641
1.09239
6.07639
1.9716
1.71023
3.4095
0.672551
1.09788
1.2105
2.07936
5.15616
1.7566
4.45343
2.1227
6.16557
5.38025
1.01948
5.84979
3.98332
4.19044
1.63369
4.53137
2.17431
2.88312
3.69368
0.919554
1.37748
5.54188
2.65486
0.447693
0.206847
5.78229
2.41034
4.62497
5.93536
5.18526
1.10911
4.91675
0.33515
5.72127
5.26233
1.41761
2.03305
6.23334
3.9489
1.9459
5.12405
6.19515
4.20937
3.54955
1.01282
0.63101
4.23566
5.30424
3.88256
4.87498
4.62783
5.41835
0.505928
3.2085
3.13763
1.68124
3.54753
2.71986
4.4107
4.84949
5.02177
0.557589
5.04422
1.63747
0.867062
5.90135
6.02717
1.44152
4.1382
5.70225
4.78097
2.81112
3.41506
3.9678
1.5321
0.913912
4.28617
0.649582
5.48786
4.82616
2.2261
6.08146
5.98735
1.19535
1.95603
0.915338
1.86438
2.82949
1.49334
0.166511
3.45807
1.63709
0.514061
1.62642
2.43651
3.93544
4.08411
2.29011
1.00729
0.954298
2.41858
2.72431
6.25482
0.281803
0.0906349
1.70244
0.316525
5.22493
0.378405
6.06113
5.02594
3.41771
1.41963
3.12903
4.33688
5.10054
5.54085
0.227099
4.08327
1.65826
1.66154
2.53152
1.35717
6.16475
3.34197
1.776
6.2572
1.39773
1.61566
4.62986
2.76728
4.97961
5.96385
0.466323
4.97899
1.26145
0.924409
4.28631
3.81776
4.70911
5.02264
2.92939
3.99165
5.92194
4.69492
5.03758
4.65094
4.52232
5.92458
2.55995
4.40018
2.21958
2.5657
5.51104
0.49478
4.37855
1.08611
3.80146
1.49309
5.27692
1.25166
3.49316
0.522218
1.56121
0.402688
1.00874
2.94828
3.29244
2.04214
1.16041
1.40603
2.99233
2.81212
2.32448
1.9816
2.48507
1.68438
2.00542
5.93198
0.664645
0.0437678
1.4322
1.90648
5.94135
1.66579
5.53046
1.33793
4.27931
1.41146
0.89307
3.93901
3.24626
1.64283
4.13737
0.255066
0.651894
3.46093
2.40557
4.62146
0.309473
1.80398
4.43136
5.3396
4.6145
4.32988
6.17122
5.14172
3.49237
4.80278
5.64214
3.81306
2.48939
2.74719
6.08586
3.94885
1.30524
4.12933
4.60164
2.81474
1.13481
5.73095
0.406696
1.38887
1.73401
2.70686
3.9812
0.222282
4.62993
6.14183
1.6834
0.394541
1.76407
5.78975
0.65199
0.334934
1.53755
0.00722873
6.0673
6.11238
0.767096
5.90308
1.15702
1.5482
5.93487
1.86218
2.62318
4.45922
4.85443
2.74236
0.852284
3.71297
4.95514
2.43293
2.58523
3.35824
1.19425
0.285839
1.08361
2.87199
4.08507
5.85147
5.70992
1.74659
5.18796
4.65101
4.3715
1.24067
5.00039
4.64031
3.33484
3.11438
5.96052
1.54906
0.430385
1.84945
2.74618
6.01011
4.56592
1.02902
5.68213
3.69601
3.22266
2.0044
2.97192
6.01379
1.50153
0.698589
1.80587
5.73282
1.70511
2.70978
4.214
5.87547
3.61099
4.47413
3.47635
3.46449
5.10632
3.4595
1.76378
3.71785
5.4607
2.34736
0.437098
5.01586
2.04048
6.1936
6.08265
5.97129
2.55513
3.33025
4.70089
1.30309
2.58596
0.102275
2.90378
1.93603
5.41693
4.0451
3.00713
0.40816
1.5941
1.55147
0.119029
6.09128
0.598587
0.603638
2.88204
3.89771
5.85716
5.27525
2.2645
2.30318
5.97765
3.73376
4.77806
5.19387
2.85234
1.0878
1.41182
0.187113
2.00163
5.26939
1.88181
1.90281
3.07364
0.636783
3.97073
1.73664
1.20652
4.88374
0.0278254
1.46222
2.77211
6.12152
3.93406
0.445245
0.101034
4.53894
1.96259
0.647274
0.197923
5.95802
4.45455
2.34669
2.74245
5.97911
3.54236
5.19482
1.66367
0.782853
1.72787
6.24945
0.518199
2.79901
0.465089
2.54659
3.4223
0.925034
0.377301
5.41008
0.430894
3.12789
1.95929
4.62961
0.442179
0.928334
3.33612
4.32957
3.41343
6.05005
3.99508
3.36134
1.5864
1.52716
3.70251
1.4672
2.45028
5.46794
0.925616
5.12674
2.19403
2.66219
4.34056
1.66717
2.97551
4.30113
1.7741
2.78448
0.815943
4.98956
4.16152
0.155083
0.467008
2.78538
2.16731
1.4514
3.37021
2.32997
3.44212
6.15212
3.24887
5.61785
2.31799
0.738156
4.29555
4.27666
2.55337
1.82381
4.64457
1.66632
2.69366
1.9747
2.98872
4.28654
4.97906
0.671407
1.5336
4.64514
5.85644
3.13933
3.90134
3.21933
3.95379
0.833534
3.17566
6.18686
6.26592
1.32667
0.584077
4.34427
5.41912
4.91946
0.184023
5.85046
1.17598
0.126326
6.09388
4.63746
4.50285
5.16153
5.57729
0.229638
5.50395
6.27562
4.85009
5.97576
2.60511
3.35449
1.81635
5.67609
3.67554
4.8811
4.45763
1.49535
3.68641
3.71921
3.00195
2.12422
2.5139
4.55723
3.71772
1.71555
5.83534
2.38761
1.96224
2.77838
5.58553
5.95058
2.98837
4.2681
5.02613
1.84894
2.34584
2.57184
0.608822
1.7679
0.242444
2.71957
1.94917
0.282722
0.646105
5.24186
0.157783
3.68606
5.90915
0.600089
3.95877
3.04893
5.31019
3.74979
3.72347
4.45176
3.65376
0.852996
0.0733471
0.277712
4.18725
0.179447
4.39879
1.28489
5.47455
3.07235
3.71657
0.672049
2.74246
1.5121
5.61492
0.219222
2.04195
4.25234
3.82895
2.93275
1.17704
0.722753
2.03036
1.07042
5.11697
4.5121
5.33222
1.126
3.60993
4.8072
1.54834
2.19805
1.72656
0.0905641
2.63159
1.61471
1.17861
4.35629
1.82195
5.0214
4.29965
3.39764
2.56609
0.178119
4.60997
3.05392
4.97829
5.76178
3.01841
0.964425
2.35529
3.19734
5.28386
4.59794
3.08496
4.03834
0.409049
5.23778
3.0884
3.77829
1.12765
0.573222
2.09872
3.91846
5.46821
0.175363
2.51123
1.21196
4.66811
3.72782
4.29807
1.98538
1.12085
5.98346
5.02878
1.27225
2.84162
0.180585
2.45903
6.15625
5.9999
1.2367
1.02967
5.85321
5.43684
1.99275
4.2279
1.08203
2.6199
3.86368
5.31468
2.38569
0.162762
0.897868
3.86728
6.11371
0.309171
1.59946
5.33492
0.646738
2.7856
5.75168
0.318665
5.0546
1.38844
6.08632
1.13925
3.71804
2.62894
5.01281
3.5957
4.36579
5.53432
5.10382
4.45709
1.13889
5.30731
5.37318
2.15991
2.4166
5.58073
4.84072
1.49137
2.38047
1.62349
3.15431
4.00948
3.22855
0.225677
1.19799
4.48932
5.85347
0.995225
0.861998
0.0760395
1.54759
3.61666
3.2206
4.18521
3.93815
1.93534
1.55946
1.10563
0.0733201
3.50852
3.02143
2.72195
2.81579
1.96176
2.98348
0.499974
5.86698
6.22749
3.01812
2.22271
3.21533
5.99116
3.97876
1.56298
1.30993
5.19106
4.20007
3.05866
3.57087
0.303167
3.31162
0.178688
1.57217
3.71219
6.27694
1.56946
4.84852
0.572739
0.242608
3.91066
5.56621
3.23497
0.358701
3.71432
0.938643
3.33899
1.12747
1.92213
3.78825
3.87657
1.84239
0.728523
1.85436
6.11165
2.65033
2.94788
3.04427
0.0850806
2.98753
4.64341
3.02541
4.6466
0.760382
1.13117
6.23998
1.55614
0.924125
4.20311
0.360924
0.679465
0.245508
5.51425
2.12024
3.10181
0.392636
3.04693
0.0177371
2.69431
0.501182
5.35526
4.7956
4.72464
5.36729
3.85578
2.89194
1.52916
0.237485
2.99918
3.96756
0.0512499
1.77237
0.0364582
4.45258
6.24057
3.7748
3.16489
3.2286
2.25221
3.90157
0.670776
2.36449
1.42379
1.62559
4.78232
0.165665
6.09069
6.01774
2.98163
2.61004
4.77329
2.4807
5.53409
0.12394
3.86537
3.69175
1.99642
0.924071
1.13726
3.21455
4.49431
0.277345
2.34657
4.5859
4.67261
4.22492
5.10451
6.02852
2.27821
2.11991
3.55994
2.74523
3.22925
6.16484
1.19399
1.23573
3.286
5.49318
6.18746
4.3341
1.23409
4.97505
1.64367
5.93224
4.26188
1.33771
0.692159
3.39185
3.78758
2.31812
5.46198
4.52513
4.13048
2.72149
6.16185
1.87301
2.72006
3.87939
1.0264
2.98734
0.196141
5.43836
1.39792
3.11101
4.00432
5.34696
3.01023
5.00413
3.13184
4.02504
0.27845
5.08108
4.95724
0.626558
3.55314
0.855231
3.829
3.60176
3.80016
3.85229
0.622486
2.95454
5.35315
2.42496
1.88663
6.00288
6.23725
3.15714
1.26645
0.533548
2.87082
4.39478
3.28985
4.27674
3.06709
2.363
1.50076
5.47978
4.14893
0.551978
2.36394
6.19713
2.38503
2.40678
4.07042
0.158937
3.30044
2.53223
1.53791
2.6857
2.35134
3.37
5.4056
3.42773
5.89841
4.15695
1.22182
2.36182
2.13214
3.97002
1.11191
1.16313
1.96132
1.12133
2.61661
5.32283
5.85001
5.72996
1.25755
1.63747
0.868674
2.85091
1.81541
1.61191
3.98361
2.0887
2.75874
2.78279
5.00604
2.49778
2.61892
1.42816
6.25249
6.27856
5.0113
5.32565
4.03642
0.921283
4.36104
0.743811
2.84994
2.53112
5.34191
0.250675
4.18068
4.23384
2.57433
0.291051
3.72153
2.00389
3.43445
5.2152
2.12681
0.0424086
0.378327
6.24208
0.829276
6.14923
4.92744
0.574063
4.79549
1.33207
4.01411
1.14373
0.370827
4.50583
4.47527
3.61545
1.82905
2.0004
3.67289
4.81567
2.61975
4.89234
4.98091
2.42446
1.34031
3.51308
3.90859
2.70254
1.3219
1.92662
4.95371
2.29112
3.55133
4.9169
4.46792
3.40989
2.79381
2.46582
4.52446
6.21405
3.28516
5.04123
4.7004
6.23928
5.84691
4.04914
0.507597
1.71254
0.081306
2.08817
3.14654
2.2795
2.33921
5.96418
4.18468
1.52751
0.211854
1.54082
0.71932
2.75312
2.37959
4.19544
4.50716
3.08993
1.63753
3.78063
2.10535
3.18885
4.20526
5.91335
5.34006
5.41017
0.857907
5.37768
5.50885
6.25072
5.75676
0.145705
5.52543
4.6269
3.14979
3.82515
0.350194
1.16411
5.93346
4.44308
1.40072
3.99074
2.07371
2.02933
5.17597
1.90411
3.45338
5.51122
0.29355
1.83543
5.20407
0.519282
4.63341
2.33382
5.54608
5.452
5.97962
3.46103
2.51069
5.41549
2.92785
3.13021
4.60355
0.576527
2.89638
4.16768
4.7734
3.95492
2.79432
1.05323
1.73841
5.2183
2.43455
5.28419
0.089148
0.770927
1.539
3.60995
4.99283
1.95439
1.01703
3.64765
2.37255
2.54345
0.592563
1.42879
3.81976
5.30616
0.0292949
1.91885
0.889291
5.11632
5.70263
4.19858
2.6907
0.905769
2.67884
0.295966
3.90475
4.53519
3.35743
5.27646
2.45967
5.54932
4.70922
2.24306
2.07596
3.91699
5.88072
5.69833
5.14539
0.330569
5.7844
1.95244
5.08289
1.02566
3.28078
0.369545
0.774736
1.25834
3.68885
4.04904
4.89716
6.06941
2.69056
2.64814
4.49061
4.33311
4.07821
1.34444
2.27647
3.4221
2.47998
1.34186
3.47631
5.26089
1.9036
6.17729
5.52275
5.0977
1.70542
1.31257
1.98003
2.18404
1.53357
2.74775
0.107346
0.618589
2.96056
1.74886
1.80222
2.7688
5.10242
6.27075
2.8124
1.43722
1.58648
2.34305
2.85622
1.92787
3.69336
0.0543179
1.18765
5.74358
4.04055
4.02289
2.32057
2.46303
1.04159
5.00041
3.81096
5.53402
3.62558
3.10194
6.17355
1.83979
2.42987
4.24403
2.4614
4.35236
0.133186
6.15907
0.98348
0.52182
3.04232
1.44895
5.85865
1.79704
3.56825
5.25813
3.33525
4.41549
1.61318
4.13596
3.1554
0.761433
5.40079
3.88466
1.25501
4.84005
5.31438
2.96449
5.23972
6.17981
4.2468
2.9905
3.49695
5.28573
4.74431
0.501343
1.87537
5.03805
2.66216
4.37907
2.26379
2.38426
3.1172
3.59883
4.34478
5.12116
5.38966
1.61133
2.72774
4.9318
2.4239
1.62655
2.9504
4.6471
0.41609
0.281862
1.59394
0.117643
4.58829
5.52268
1.1524
5.34766
1.05499
5.31997
1.93633
0.636694
0.0176103
4.96385
5.42215
1.57266
0.829263
1.78026
5.93139
3.63368
0.792892
4.67475
0.227514
4.06394
2.51984
1.52665
4.50904
0.886978
5.30159
0.568458
3.14755
0.348264
5.76713
1.15598
4.27251
6.27374
4.92154
5.36612
2.53093
3.66336
4.05925
1.55783
4.05793
1.00544
2.97351
0.45966
1.73947
3.42095
0.567321
1.61246
1.66106
4.10054
4.09037
3.25077
0.61125
4.43519
0.858627
3.15376
0.96819
5.0781
2.71593
4.95372
3.42598
0.717132
0.222073
4.67818
5.55786
3.49673
4.95859
0.980742
5.23937
3.23826
5.27166
4.37407
1.87952
6.26906
5.93738
3.74937
0.176796
6.00195
0.447341
3.80573
1.17374
6.14816
1.77366
2.60026
0.574741
0.654383
4.65044
3.52599
1.95859
3.554
0.981428
4.27922
3.47493
5.58641
5.00906
3.98723
2.39041
0.292683
5.96344
1.92523
0.570228
1.7459
2.72512
1.71293
2.3147
0.387334
3.06893
0.303656
6.26621
5.0592
3.3708
6.25765
5.21413
2.51808
1.75296
1.19471
2.32315
0.0690131
5.31738
0.915215
4.09739
4.72527
1.67365
4.46025
2.31379
0.754561
5.15437
1.79797
4.75417
4.17737
1.88025
0.64174
1.46704
1.31232
2.40976
3.10854
5.70363
5.66174
6.1849
5.3854
6.27977
3.83996
5.16976
2.94279
5.1715
5.79488
6.17212
6.25665
5.81216
1.49715
0.233362
4.40091
0.0553773
5.92079
2.54752
2.16988
4.02604
5.81584
0.0384045
3.67991
4.67258
1.7272
1.78263
2.09287
2.58312
5.90558
1.66433
4.53549
0.588079
3.72935
2.02799
4.1154
0.529194
5.9775
0.18971
3.14392
4.27863
3.06042
5.4996
0.0814196
4.60256
6.20088
4.47682
1.74639
4.02799
5.05958
1.21079
2.22777
5.77922
2.88288
0.823306
3.31677
0.112089
1.30609
1.36284
2.23229
5.70782
3.33012
2.28883
1.80423
5.39354
2.47952
4.78634
3.88254
3.56055
0.00525249
4.93558
3.77932
3.57675
2.14429
2.28427
3.15358
0.94179
2.5469
1.13481
4.83878
1.20216
4.76034
4.44031
2.93733
4.404
5.01348
0.355641
3.14151
0.284109
5.68053
3.40843
0.152529
1.13849
4.76349
0.719893
5.62731
1.75937
0.431212
1.31379
1.92273
0.099005
0.237834
5.20609
5.69868
0.725564
1.55637
5.77689
3.88944
1.14016
5.60081
6.26979
4.02703
2.4309
1.42586
5.87704
2.82732
6.23073
5.04304
3.75221
2.19333
2.97282
3.08962
3.04536
2.2865
3.24531
4.66205
0.0824697
5.48607
4.49785
3.27452
5.35629
5.30601
0.168126
5.73734
2.61674
2.92684
1.76284
4.91969
5.18261
5.49371
0.25712
5.55088
4.56093
3.62541
4.89918
5.62808
1.48498
6.22493
0.610742
4.69306
5.95488
5.4195
0.743681
2.60151
2.87821
6.00933
2.90258
2.31608
3.58106
3.3158
5.47581
3.58099
3.61799
1.82351
0.0631696
2.26347
4.7191
2.79147
1.10334
5.54799
1.70412
0.451481
2.02258
4.6551
6.23836
5.73206
0.526873
5.95539
5.52916
4.28389
5.35084
4.38331
0.124062
2.57843
0.174672
0.802586
6.04897
0.218959
3.26094
3.50537
1.32156
2.83124
4.36728
2.63913
3.19871
1.91188
1.21758
0.160155
1.4521
2.17945
5.18433
0.099511
4.48796
3.64101
4.76363
6.1319
0.0398064
4.26769
1.30138
1.80152
4.76663
0.513942
3.3676
4.50917
5.90121
0.130615
2.41758
1.54823
5.65286
0.253669
1.5858
3.98317
0.0520953
1.02117
3.33393
2.02274
4.9214
1.89097
2.96721
0.82759
1.453
2.72794
1.95447
2.28764
5.10764
0.458391
3.7523
0.317854
1.98351
3.65107
0.263867
4.66429
4.93294
4.76434
3.49721
6.22449
6.08934
3.64464
3.88997
5.7152
2.73877
4.59343
2.759
4.42083
2.30402
3.054
0.321163
3.68052
1.42666
6.24606
2.22622
3.70634
5.10445
2.97881
1.13593
2.53646
1.37358
2.54678
1.76989
3.51657
3.90886
4.40531
4.65219
0.441738
5.38211
6.2162
5.05993
2.45233
2.4879
1.72368
2.26813
2.01225
1.02136
5.028
6.23684
5.00115
3.97949
5.58995
4.24073
1.06274
5.28741
2.7244
0.477925
2.99886
6.20812
0.162009
1.50934
2.85536
0.410411
0.32063
2.75877
2.54585
4.23387
0.940001
5.79225
3.45182
5.37851
4.52903
2.3338
2.60994
2.07335
5.98845
3.26398
2.59757
0.198115
4.77688
1.1054
2.38718
4.78726
0.721161
1.86378
3.05532
6.15584
1.18001
0.347977
5.30327
4.40095
1.84386
4.58384
6.12504
5.38962
1.54552
3.06523
0.504201
1.41711
4.08666
1.17464
5.10882
1.54641
1.88388
3.95329
1.77062
4.35259
5.25855
0.606125
4.78951
3.48876
4.16781
4.91847
5.0573
2.81565
2.04143
1.92011
1.96536
4.34819
2.69213
4.84183
4.07456
3.1139
5.12609
4.31284
5.23405
1.45493
2.80101
0.575914
1.64972
2.20378
4.66146
1.39314
4.05374
4.12097
1.53091
1.98204
1.78846
2.97488
2.69366
4.72057
0.355887
1.72047
0.744277
2.38917
0.0505668
5.15517
4.7236
0.359897
4.28298
2.98427
0.753158
4.19162
0.499206
5.09844
0.749279
2.36727
5.97893
3.60856
1.73129
3.89569
0.0577764
0.249154
1.11793
2.8162
5.01383
0.129294
0.646657
1.62187
4.34506
4.79743
0.510539
0.677536
5.93097
3.34837
3.75402
5.81869
5.54338
1.73783
4.13203
5.70283
4.10086
3.46244
0.393896
5.89674
3.62692
5.30476
0.402731
5.34335
1.55227
3.36922
0.0098888
3.71032
4.03616
2.32386
5.87946
0.399196
4.55354
0.373331
5.49298
6.15031
2.53225
5.87261
0.875136
5.51044
4.40171
3.72784
2.39644
2.39992
1.65998
0.455286
5.28119
3.03791
0.648378
1.67021
1.97567
3.88345
6.04566
3.65745
4.65988
3.78773
4.31548
3.5538
1.93063
3.60552
3.37237
4.72902
0.48724
0.859913
6.1345
4.781
3.13748
2.51834
5.55169
5.84477
0.958837
2.97445
1.3396
3.89561
1.28544
2.54646
4.86232
4.1101
0.987445
0.16062
2.50215
0.851533
1.25959
1.22778
5.26123
3.01562
5.97694
4.68345
4.50702
3.27207
3.30636
2.183
3.25897
4.45199
0.713448
1.64647
5.66092
0.936872
2.61511
0.800341
0.0779028
2.48868
2.43656
3.77616
1.02865
3.38079
3.19707
0.34133
5.87585
2.99333
1.70718
6.18749
3.9528
1.15225
3.19306
3.29381
5.21288
1.01051
2.10276
1.27558
5.39258
1.47008
1.05725
3.58599
4.43238
0.218217
5.63043
2.89291
4.43819
6.22474
0.237121
1.33293
0.112932
4.15758
4.88114
6.1906
4.78365
4.09146
2.04901
0.059481
5.81818
2.04327
2.02682
4.71038
0.199211
0.354912
5.89748
4.14677
1.48847
0.175519
0.186827
1.83378
1.7578
0.989565
4.61355
4.59064
1.31172
3.11514
0.160232
2.54964
0.586814
0.00087538
3.28422
3.45043
6.13075
4.48564
3.80089
3.86124
3.11712
5.96797
4.71184
0.936319
2.07324
2.45161
4.84334
2.83566
1.86196
0.243064
6.22124
3.40982
5.65914
0.0278001
5.21612
5.9757
2.03096
2.9246
4.02723
3.93499
2.13731
2.96318
3.08816
6.26464
2.26414
2.74227
6.17892
6.27222
2.16318
1.66353
3.6159
4.46804
3.91088
2.79415
2.22505
4.71733
3.77736
3.1779
2.53609
4.81937
2.92167
4.4446
5.18909
2.64486
3.08295
5.91191
1.6909
4.15568
3.59019
2.44016
2.18327
0.416242
6.0851
6.09565
